315692758
45562498
369586975
204653183
132193568
812868328
299964169
162837209
951479769
816385535
267157623
806734498
350374783
410400059
561405505
772109968
173208202
231610662
96614977
153315284
267463683
938683327
699409646
593216275
651896290
954534668
851286767
128407909
946110655
710251677
870115651
438490866
208640881
680650020
513260193
629283411
830108377
603362058
345864156
681433015
669068698
497619860
877254493
970218079
972667723
909014985
333036282
783516121
703751209
784757918
413809967
899906081
715259224
498695713
442391040
956546517
719612350
863873241
730437165
56861720
489982202
398685118
833641230
488413074
239474784
524197077
352920063
171124417
902108220
860694021
743924345
618439119
256230460
314725564
306591600
730062681
205727393
192482731
690093888
179526622
250407495
157840629
757232187
278572078
466312247
196755768
600897415
797434852
109758168
506529769
427974462
335917285
500582258
638385140
691238186
518329250
194062288
349024184
993901707
361792622
