404814176
389150027
657070156
390344602
633730832
326811819
644639442
217424982
941483213
443072614
202993178
615111924
663647175
171950210
91571157
213392522
427937384
883594968
907170990
39086211
663436641
271309397
941171756
731844357
43546483
202617703
145638635
304353086
44108142
692286428
110513326
970928094
799464482
789888236
732029806
457478602
17422626
86047844
41823220
876567243
528183375
804042527
949313375
701737569
922411984
82355742
937915441
175334572
118961422
95050335
900653193
904813449
313272341
711407012
499600314
25964022
4652689
467418842
160662572
904191631
164258962
141168348
230825833
279493003
743998402
966461347
68619369
103267062
705967867
11182814
536485851
800182428
575135079
571096692
936225937
97662853
468740523
710901903
162794545
32891199
616383289
655465097
641874707
576097392
682366286
350332194
748773041
836632227
759829310
159247622
265787841
513123624
985935371
555500931
385355952
773971129
905208052
593466708
466149873
561649236
