465480007
726811053
715067948
719630558
559324329
832373996
775024811
468397019
134161039
14037806
770503325
362682194
394976283
482828172
544044482
732658818
998353765
351871881
695326820
162286077
722506151
350843788
487620954
759840631
996412695
629599027
764827424
508534103
294609624
370649772
55617334
139456633
587270229
511232356
132190261
459504043
858611963
211412877
228105896
661541933
525750781
180
948163339
439656916
225235328
782759965
100498726
70226402
147820827
662649289
837372734
168476420
997280594
291373021
7728
668235423
248728456
523642937
702840350
285575677
667553342
521455186
427794426
272168652
833783143
306390298
591409230
131044140
424375822
749428977
84947653
658851959
601653268
152285928
436322674
27685168
742767656
34102201
795875853
509367015
49677413
855674757
505332697
242506501
749934879
818846384
607266024
696672559
973486577
622831879
687898681
1116
519241567
45562498
196380846
750204960
344642265
820511581
409113834
231231390
704113358
631729873
354500509
447457784
986249089
893318666
439094310
730978122
799690500
906986439
100670211
1116
645123961
425998849
316965670
39108789
978389466
962636703
868202722
117811378
321760632
818277155
307622922
667553342
344895116
586267894
43965586
209985483
991705774
759840631
146512784
703048382
984534229
276090024
525870348
694997531
587655815
896131859
151275647
362682194
873397831
678069682
723741556
487620954
749934879
152285928
515239838
966169066
286038435
311045221
146603818
523642937
969862389
833343086
808847784
23942881
724672881
238893499
306390298
235249128
812858990
819514637
744138771
277120299
681705025
893599152
639332369
439094310
558888570
742767656
297448188
443400416
818846384
627935093
339708645
213697441
379978473
95392210
334583385
716958742
91298358
949287294
6796154
463414764
212957591
192164629
224312657
253805729
734883167
845717477
639332369
715733743
308895330
371095788
992622792
992622792
886649349
283149729
292343501
833898280
179918419
434274208
732658818
724672881
940689909
164868628
926678132
253239605
436322674
877908848
953936832
704113358
221797638
722506151
508534103
828864732
91026895
50151895
417211149
788844750
903807926
111129948
136033483
522071802
599211224
700276103
126349638
139456633
509367015
316965670
982256049
371735773
351581010
205712247
982256049
963767944
192624802
129698503
492016425
439094310
377231737
381423681
866734914
258146862
168476420
959692386
553022969
439340808
749466707
812286864
523732821
970205448
820292906
16091396
11620591
492983592
559756854
766033489
359340573
530779106
135459863
124169583
877537865
1116
661122034
508449973
129594677
27685168
375317855
795875853
515239838
252908246
450530639
519241567
235982943
761800638
991705774
99514926
833898280
38219849
972674089
923640719
960664711
100498726
415427714
962636703
4982400
69751088
616616254
329303211
465463110
761800638
424375822
364500043
985547049
210035529
104937509
992622792
959692386
691815931
202786076
290277681
57543527
962067969
997820151
978389466
507429944
629599027
77950489
66648382
391432849
481640267
964024550
265561873
784323173
611756954
694237790
607074735
658851959
518400
66648382
788393652
196380846
754361478
795875853
837372734
447457784
321760632
953936832
693650060
680803936
544044482
42814761
298255353
303997275
308291762
295602530
942717969
693237592
359340573
809214464
803503294
240748201
407299816
534366562
752150258
203255705
97219600
496278273
162286077
61072529
75854651
371735773
342990996
754361478
691815931
826642254
464309045
446435662
877908848
31131564
402772740
285575677
953200316
196380846
936290438
624136380
641893376
95305820
556848758
907335230
687898681
893318666
694997531
239945693
522071802
131044140
953936832
759840631
975342764
139456633
480678224
961790067
938773822
42336618
394976283
259190113
834863738
544044482
100670211
357107031
931206378
160440350
303997275
301313083
8390355
903588073
311006955
276677260
595405357
634415021
992861500
818424981
627289515
39148184
70980294
869562598
948163339
896131859
872561741
43965586
459504043
718220548
607266024
450530639
145578316
523642937
337334206
259002217
448903114
417211149
11620591
782759965
244801651
23942881
524357209
637161421
583292933
940689909
641874965
545708028
11620591
752150258
134161039
987604498
749428977
845717477
532654870
270895210
5904101
525750781
117206779
942422614
38219849
928622430
674067388
86424197
996412695
935405461
683559525
81262372
584788817
942717969
518400
249793448
146512784
126349638
962636703
496540685
770814302
818424981
611633023
68478870
524629648
286038435
174428558
301313083
223810733
546975020
213697441
700361073
946376765
327129011
279927917
175692921
917035455
117369273
31131564
34102201
329286596
903588073
820292906
990299544
972674089
663381486
240940523
92192272
829024206
540799412
448586462
456217872
325114469
848769813
432744969
830740414
803503294
766033489
97271189
348267517
759840631
86424197
719630558
56569903
267553251
648012592
39076032
704388583
513997295
72227958
299087787
596029137
989802090
790324706
591409230
593940989
482828172
623437560
730978122
174982102
241669730
248728456
651393277
179793922
350364454
428778204
351783646
151006738
81000032
667553342
283149729
541255797
146603818
81287719
819514637
353462037
18322047
497509203
700276103
52722223
23942881
72227958
783908360
424414650
771196111
42336618
446155167
38113840
670990407
710267049
534937403
144441380
724672881
402598195
252107318
987604498
560589167
446435662
402454498
60802130
907335230
335880983
508449973
151006738
448903114
985547049
220710286
141533829
540799412
969862389
672579979
25657039
171644605
126646811
203255705
346663844
534937403
437353168
105949955
755162733
253805729
241669730
546975020
508264203
727307633
950320750
727307633
818277155
95692835
942422614
854856090
258819124
246451752
997820151
966169066
669198630
795875853
353462037
656730339
276198849
888205163
854856090
171644605
25657039
337334206
327129011
457398683
942717969
141533829
111129948
110388775
812243130
706175830
235249128
546883779
139456633
407299816
957264089
893318666
706703653
287569055
221410973
873096024
591409230
647768129
288185864
704388583
980157163
964024550
546883779
14037806
754361478
719176530
159994344
525870348
218066049
246855365
61072529
402772740
783908360
525750781
875413836
337334206
702917421
359340573
95392210
27685168
827907461
872137959
803712415
782364984
497395140
160440350
515239838
770503325
6
934448544
174428558
253239605
962295776
179988104
15606234
752150258
588369459
683559525
91298358
70226402
138388591
788844750
607074735
975342764
14247408
235757153
428778204
136033483
744813131
391432849
142717573
722506151
900687420
198683056
402454498
830740414
428778204
703048382
421200453
70226402
457398683
462649970
434498459
492718081
784323173
651393277
173318297
14037806
872137959
196404926
77950489
508534103
792824378
826868831
987604498
867865012
351871881
159994344
505332697
40822879
327758842
105949955
248728456
670811605
328661333
559324329
706703653
450530639
152285928
900687420
147857403
55617334
246451752
300105472
460113950
637161421
308895330
144441380
949932916
548345197
69751088
319013384
627289515
285575677
492718081
427778797
481490731
27144268
523732821
828306979
329303211
678598837
404423033
353462037
202786076
182652550
279068104
463414764
402598195
178630085
969454426
273007995
931299849
220710286
769942330
141533829
963032193
30155088
978407076
165197198
856970728
607074735
211582493
962636703
51491591
351564705
437353168
228105896
903588073
997295130
903807926
962636703
1177955
397319879
328661333
514505849
865384362
138545645
46509952
949932916
203255705
75854651
418411256
276664824
56569903
703153857
337334206
662649289
240940523
237244075
719630558
823694628
939222415
873096024
195086645
711014180
782759965
988911964
722506151
788844750
627935093
641874965
120863977
374033808
541255797
163409445
799690500
669198630
593940989
425101295
511232356
568339513
19966032
248728456
402454498
460747769
301313083
866734914
306390298
901870168
803503294
962067969
4546432
716958742
465463110
514505849
441716212
483100150
180159742
395982349
859767817
18076165
146859523
252908246
86424197
738005161
205712247
995954759
594404712
957668630
145578316
319623390
259002217
223209180
102127065
174982102
246451752
856970728
706703653
260935132
950320750
19966032
61072529
8390355
299382990
670939767
742984139
798105327
641874965
358184370
433665081
342990996
217077739
192624802
267553251
441716212
172184514
39076032
830506575
928622430
19966032
752150258
457736360
966169066
223293265
560589167
996412695
507429944
464309045
81262372
962636703
953200316
446155167
935405461
650712693
273399957
600374126
223293265
854856090
681705025
509367015
234801261
185326028
808790183
480638709
387347163
877537865
162286077
591409230
808790183
761351808
193210388
681705025
372390120
511232356
639332369
666622183
532654870
127191096
67557973
838607035
413691826
761800638
205487947
818106550
497509203
632204256
696672559
160440350
107711948
34102201
225235328
508534103
237898250
932820499
742984139
888205163
196404926
489950628
566175493
873397831
129698503
855674757
817711768
483773957
59904
74731741
130683195
473353994
95392210
916261502
67557973
785537830
424414650
283101173
891848087
638054433
350843788
523642937
497031343
645721273
70980294
351783646
68478870
457736360
132700039
213202161
599211224
866734914
750204960
964024550
129698503
71967071
130683195
283149729
521455186
962717451
402772740
836341256
123041585
787667416
600374126
919144728
463414764
4982400
903807926
913535157
4546432
978407076
730978122
460113950
937939422
913535157
299087787
165296957
52842240
258057182
736836654
221410973
963807327
634394367
984534229
6055325
869562598
949287294
812937689
218066049
906986439
850990700
611958803
77950489
868202722
745401513
523642937
