752062468
590499474
207988770
346013593
758867699
775214250
110909956
212166521
583335474
270490492
752103946
780168859
901108626
51799900
620752176
293084056
381671937
922455155
875176334
72061274
143490563
435486118
181626568
314728235
795602234
30269677
109461714
332183969
135397662
126561119
640574555
106083396
698200207
664865496
824332560
238503777
750506823
47711908
944831490
611474496
566147426
663578773
227704695
723448814
899401597
574004329
759068543
192998355
368144918
369110605
329355908
198843420
530408866
629680317
222317193
736881582
650860902
706664779
628038531
75070920
171816206
593438932
830612542
799154788
676726741
296636090
462615729
644363296
595673507
111986069
580567766
914606846
250754077
355349467
803058535
223609479
259137722
34031045
111791001
327367138
320331684
16264955
685862449
684366279
872999515
182381964
844922827
197749047
7107368
858252013
935772096
465629688
362333639
316643491
273423416
344855669
47641298
863881100
803718148
906186708
