0
536870912
536870912
0
0
0
268435456
536870912
0
591921152
0
34340864
536870912
268435456
268435456
0
0
16777216
0
687865856
0
268435456
0
536870912
268435456
536870912
570425344
939524096
0
0
134217728
0
0
0
0
0
620756992
0
0
0
536870912
0
0
0
0
268435456
0
536870912
637534208
0
0
0
25165824
0
536870912
0
536870912
0
67108864
436207616
536870912
0
0
536870912
805306368
0
0
0
268435456
0
0
67108864
0
536870912
536870912
939524096
0
0
268435456
0
167772160
67108864
0
0
371195904
0
0
0
536870912
0
0
0
536870912
0
536870912
0
0
268435456
536870912
536870912
