0
0
536870912
335544320
536870912
0
536870912
536870912
268435456
536870912
536870912
0
0
0
0
536870912
0
327155712
0
0
0
0
0
0
0
536870912
0
402653184
67108864
134217728
0
0
134217728
352321536
0
0
0
201326592
536870912
0
90177536
536870912
536870912
536870912
0
536870912
0
536870912
805306368
0
0
536870912
0
536870912
0
234881024
738197504
0
369098752
939524096
335544320
536870912
0
469762048
470810624
805961728
0
33554432
0
436207616
268435456
268435456
0
536870912
0
0
805306368
0
0
0
671088640
939524096
268435456
687865856
0
436207616
436207616
982515712
0
268435456
0
0
536870912
536870912
268435456
301989888
0
268435456
0
0
0
805306368
469762048
671088640
436207616
536870912
0
268435456
33554432
268435456
536870912
134217728
402653184
0
536870912
0
352321536
0
0
0
541065216
0
0
0
0
536870912
0
134217728
0
603979776
0
0
268435456
76546048
0
536870912
0
318767104
269484032
0
536870912
536870912
0
0
805306368
536870912
939524096
0
0
536870912
0
87031808
0
0
0
704643072
536870912
671088640
536870912
603979776
201326592
0
536870912
0
335544320
50331648
268435456
0
290193408
269484032
0
680923136
0
67108864
0
0
0
0
205520896
0
0
0
0
301989888
536870912
805306368
0
486539264
0
67108864
201326592
33554432
0
0
134217728
671088640
536870912
805306368
536870912
0
0
536870912
536870912
939524096
0
562036736
813694976
536870912
805306368
0
0
0
536870912
536870912
0
0
536870912
536870912
0
49020928
536870912
0
536870912
0
0
134217728
71303168
805306368
0
0
318767104
134217728
0
805306368
0
536870912
67108864
0
939524096
570425344
0
156008448
536870912
134217728
536870912
301989888
738197504
553648128
167772160
37748736
536870912
268435456
0
536870912
268435456
549453824
0
0
0
268435456
0
268435456
0
0
939524096
268435456
268435456
0
0
0
0
0
0
536870912
117440512
0
207618048
536870912
268435456
0
0
0
40370176
0
0
218103808
0
134217728
0
50331648
0
356843520
0
536870912
0
0
0
415236096
268435456
0
268435456
0
0
0
0
0
536870912
0
0
0
536870912
0
0
0
0
0
0
805306368
671088640
0
0
805306368
540278784
0
268435456
150994944
0
402653184
0
536870912
0
436207616
536870912
134217728
0
536870912
0
0
0
603979776
0
268435456
687865856
536870912
0
0
0
0
536870912
0
0
536870912
12582912
0
0
134217728
25165824
0
805306368
134217728
0
0
0
0
939524096
629145600
0
536870912
0
0
536870912
268435456
536870912
0
268435456
0
671088640
0
536870912
0
536870912
0
0
268435456
268435456
134217728
0
0
0
0
0
268435456
0
0
4194304
0
0
167772160
234881024
536870912
0
0
671088640
0
58720256
268435456
84017152
553648128
134217728
184549376
0
301989888
0
268435456
0
402653184
33554432
0
536870912
805306368
0
0
536870912
0
67108864
536870912
553648128
0
16777216
0
0
0
0
0
271712256
674103296
0
536870912
0
536870912
536870912
0
134217728
0
0
217055232
0
201326592
536870912
0
536870912
805306368
268435456
0
0
536870912
335544320
536870912
0
0
134217728
369098752
0
402653184
0
0
0
0
134217728
0
805306368
134217728
119537664
0
0
0
536870912
79691776
0
134217728
0
0
0
0
0
268435456
0
0
268435456
0
0
0
0
134217728
536870912
268435456
134217728
0
536870912
268435456
0
402653184
0
603979776
0
805306368
0
0
159383552
536870912
0
939524096
671088640
503316480
0
0
0
218103808
268435456
0
0
536870912
268435456
603979776
0
0
0
0
939524096
268435456
0
0
0
0
0
572522496
134217728
536870912
878870528
0
0
838860800
0
0
0
0
537919488
0
53477376
0
0
0
536870912
536870912
0
536870912
536870912
536870912
167772160
0
268435456
0
0
0
536870912
67108864
0
0
0
0
268435456
201326592
536870912
0
0
0
0
0
0
536870912
0
0
0
813694976
0
268435456
536870912
0
0
469762048
268435456
0
620756992
0
0
0
0
0
0
134217728
0
301989888
805306368
201326592
134217728
134217728
0
134217728
58720256
268435456
0
0
0
0
541065216
0
0
0
0
218103808
0
0
0
0
675282944
0
268435456
0
536870912
536870912
0
0
0
536870912
536870912
0
0
402653184
268435456
0
0
402653184
0
100663296
536870912
465567744
536870912
268435456
0
0
805306368
536870912
0
0
0
268435456
0
805306368
268435456
0
0
134217728
0
208142336
0
27295744
134217728
0
301989888
536870912
0
0
0
805306368
671088640
0
536870912
0
69206016
536870912
0
0
0
536870912
0
67108864
0
268435456
0
268435456
536870912
0
0
0
0
536870912
33554432
0
0
0
67108864
0
838860800
50331648
0
536870912
0
67108864
536870912
268435456
402653184
151781376
335544320
553648128
134217728
134217728
536870912
612368384
0
0
536870912
0
0
742391808
0
0
0
0
0
0
0
0
0
0
0
0
536870912
0
536870912
0
0
805306368
0
0
268435456
67108864
805306368
536870912
0
0
268435456
0
0
536870912
67108864
0
0
0
0
33816576
0
134217728
603979776
0
0
0
268435456
570425344
0
671088640
3555328
0
0
603979776
0
0
268435456
872480768
0
805306368
268435456
0
0
0
0
67108864
268435456
134217728
0
0
268435456
536870912
0
12582912
0
138446848
536870912
0
0
0
536870912
570425344
67108864
285212672
0
276824064
536870912
0
268435456
0
0
134217728
0
0
35127296
671088640
0
0
0
0
671088640
570425344
536870912
0
0
536870912
0
0
0
268435456
536870912
0
0
536870912
0
0
0
0
554696704
633339904
71303168
19922944
536870912
0
939524096
0
150994944
67108864
0
0
536870912
0
268435456
683671552
0
0
67108864
0
0
0
0
0
713031680
0
218103808
117440512
0
0
536870912
0
0
0
738197504
134217728
0
41943040
0
268435456
4325376
536870912
0
939524096
0
0
536870912
0
402653184
0
0
536870912
0
536870912
0
0
536870912
7733248
805306368
536870912
268435456
0
0
536870912
0
268435456
0
536870912
704643072
318767104
134217728
536870912
0
201326592
0
301989888
16777216
0
0
440401920
268435456
536870912
536870912
0
0
0
0
805306368
0
0
0
109051904
402653184
0
536870912
536870912
0
33554432
0
805306368
805306368
0
0
536870912
100663296
536870912
536870912
411041792
1638400
536870912
0
0
0
41943040
536870912
268435456
0
75497472
90177536
268435456
536870912
0
268435456
0
0
0
0
67108864
536870912
0
268435456
134217728
67108864
536870912
0
536870912
268435456
0
0
0
0
268435456
218103808
0
536870912
822083584
223870976
0
0
536870912
570425344
0
30408704
0
0
0
805306368
536870912
536870912
0
738197504
0
