0
939524096
603979776
0
0
0
0
375390208
402653184
0
603979776
0
268435456
0
536870912
268435456
0
318767104
536870912
0
0
0
67108864
0
48234496
0
0
268435456
0
0
57933824
268435456
0
603979776
0
352321536
0
0
33554432
0
0
536870912
838860800
0
335544320
0
536870912
0
0
268435456
819986432
536870912
0
268435456
0
536870912
0
0
0
0
0
67108864
536870912
671088640
402653184
8388608
270532608
0
0
168296448
536870912
33554432
0
402653184
536870912
268435456
536870912
0
0
0
268435456
0
1048576
0
469762048
0
0
268435456
0
0
4194304
167772160
0
687865856
855638016
0
268435456
0
0
0
0
0
335544320
0
268435456
0
805306368
50331648
536870912
0
0
0
0
0
0
0
0
0
610271232
134217728
0
671088640
822347776
570425344
0
536870912
0
536870912
268435456
536870912
0
536870912
0
20971520
536870912
243269632
142606336
536870912
0
687865856
0
0
0
0
0
268435456
134217728
0
0
134217728
0
268435456
268435456
536870912
0
469762048
805306368
270532608
536870912
268435456
0
536870912
0
536870912
145752064
0
536870912
268435456
671088640
0
268435456
0
218103808
0
805306368
637534208
67108864
0
268435456
805306368
0
29229056
0
268435456
536870912
234881024
0
134217728
570425344
0
0
0
0
536870912
0
0
14680064
0
0
536870912
0
536870912
805306368
0
0
536870912
939524096
0
0
536870912
0
536870912
134217728
0
0
301989888
0
603979776
0
0
134217728
0
671088640
0
0
0
0
0
134217728
587202560
0
0
0
0
83886080
268435456
536870912
0
16777216
0
268435456
268435456
33554432
134217728
0
0
0
335544320
0
0
469762048
536870912
0
369098752
0
318767104
268435456
0
536870912
0
134217728
536870912
0
805306368
0
268435456
268435456
0
0
536870912
0
536870912
603979776
536870912
0
67108864
536870912
0
0
204226560
805306368
0
343932928
0
0
536870912
134217728
0
0
536870912
536870912
0
0
939524096
0
0
0
0
0
0
0
0
536870912
0
0
536870912
536870912
268435456
0
570949632
536870912
0
0
0
0
268435456
104857600
536870912
268435456
0
469762048
0
134217728
268435456
0
19595264
0
536870912
0
268435456
0
0
419430400
603979776
33554432
536870912
0
134217728
0
536870912
0
0
0
268435456
538181632
704643072
0
536870912
0
856162304
201326592
305135616
402653184
268435456
0
536870912
0
335544320
419430400
134217728
536870912
58982400
0
805306368
0
402653184
536870912
268435456
0
0
536870912
134217728
536870912
0
0
0
0
0
536870912
0
0
0
335544320
0
134217728
805306368
536870912
0
536870912
268435456
536870912
536870912
713031680
536870912
805306368
809500672
536870912
170917888
0
536870912
402653184
0
0
268435456
16908288
0
0
939524096
805306368
0
0
0
0
805306368
0
0
536870912
0
0
33554432
0
805306368
268435456
805306368
805306368
0
0
268435456
830603264
134217728
420478976
218103808
0
0
603979776
134352896
0
536870912
0
805306368
0
536870912
0
0
0
536870912
0
536870912
671088640
536870912
822083584
268435456
33554432
36700160
344195072
0
268435456
536870912
0
0
536870912
0
0
973078528
536870912
134217728
0
671088640
809500672
268435456
0
536870912
939524096
0
536870912
327155712
0
536870912
0
0
136314880
805306368
268435456
570425344
0
0
0
0
0
536870912
0
0
0
536870912
536870912
268435456
0
536870912
0
0
402653184
190840832
0
0
536870912
0
0
536870912
0
268435456
268435456
0
671088640
301989888
536870912
0
0
0
0
93323264
671088640
0
0
805306368
0
352321536
0
0
0
0
0
805306368
0
0
0
0
536870912
536870912
0
536870912
0
0
0
201326592
536870912
268435456
335544320
0
41943040
687865856
0
536870912
536870912
134217728
0
805306368
0
0
536870912
0
469762048
0
0
0
268435456
352321536
0
0
0
0
0
33554432
0
0
671088640
562036736
4194304
0
805306368
0
805306368
33554432
445644800
0
0
536870912
0
33554432
536870912
0
0
0
0
0
0
0
0
0
536870912
536870912
545259520
67108864
117440512
0
146800640
83886080
939524096
603979776
536870912
0
0
268435456
0
0
0
0
536870912
805306368
33554432
536870912
0
0
268435456
109576192
0
0
536870912
134217728
0
19398656
268435456
0
0
230686720
405274624
0
536870912
0
536870912
100663296
268435456
0
536870912
0
536870912
299892736
536870912
134217728
536870912
0
671088640
0
536870912
0
0
536870912
268435456
0
402653184
536870912
268435456
201326592
0
536870912
536870912
268435456
536870912
0
0
536870912
136314880
0
0
0
805306368
0
0
0
0
0
268435456
0
0
536870912
268435456
134217728
0
0
268435456
0
402653184
536870912
0
0
0
838860800
0
536870912
301989888
335544320
0
536870912
0
0
0
536870912
0
134217728
771751936
201326592
0
0
88080384
402653184
0
134217728
268435456
301989888
0
436207616
536870912
0
0
0
268435456
8388608
268435456
0
83886080
536870912
872415232
134217728
0
640155648
404750336
805306368
0
0
0
0
0
0
536870912
0
301989888
838860800
536870912
0
16777216
0
536870912
671088640
0
0
0
310378496
0
0
0
268435456
134217728
0
536870912
402653184
0
0
805306368
0
0
0
268435456
67108864
0
0
805306368
0
805306368
0
134217728
536870912
0
0
0
671088640
805306368
0
0
805306368
0
0
0
268435456
536870912
0
0
0
0
0
0
0
268435456
805306368
0
0
0
0
0
554696704
0
0
0
0
0
0
335544320
939524096
0
268435456
0
805306368
0
536870912
268435456
201326592
0
0
137723904
0
0
536870912
536870912
0
939524096
134217728
0
0
167772160
0
0
0
838860800
394264576
0
0
0
285376512
536870912
536870912
0
0
276824064
402653184
0
805306368
805306368
0
0
0
8388608
0
0
0
0
134217728
0
268435456
536870912
536870912
0
0
0
0
536870912
0
67108864
671088640
805306368
291864576
536870912
0
0
536870912
536870912
0
536870912
275611648
150994944
671088640
285212672
0
0
0
79691776
0
334757888
805306368
0
402653184
536870912
0
536870912
536870912
0
427819008
0
536870912
0
0
536870912
268435456
0
268435456
268435456
0
0
805306368
288358400
536870912
0
0
0
0
536870912
0
0
50331648
452984832
192937984
0
536870912
536870912
0
201719808
0
0
536870912
218890240
0
536870912
402653184
0
134217728
0
958922752
671088640
536870912
0
150994944
33554432
0
0
0
805306368
268435456
0
0
0
33554432
671088640
268435456
0
536870912
0
327155712
67108864
0
117575680
536870912
0
536870912
0
671088640
536870912
0
0
0
0
536870912
268435456
536870912
0
343670784
0
167772160
0
805306368
0
0
134217728
251658240
58720256
0
0
536870912
88080384
17301504
402653184
0
671088640
0
536870912
35651584
536870912
0
268435456
0
268435456
536870912
0
570425344
905969664
436207616
0
67108864
0
0
134217728
671088640
0
723775713
41943040
469762048
134217728
268435456
671088640
0
0
134217728
0
380633088
536870912
536870912
268435456
0
0
0
0
0
0
536870912
0
536870912
335544320
0
0
0
0
0
0
536870912
0
0
402653184
402653184
385875968
536870912
268435456
402653184
0
67108864
402653184
0
805306368
268435456
805306368
536870912
536870912
0
0
0
0
268435456
268435456
0
0
805306368
0
0
0
0
8388608
50331648
0
268435456
536870912
0
0
75497472
536870912
0
26247168
570425344
805306368
0
0
0
0
134217728
536870912
268435456
33554432
0
16777216
134217728
805306368
536870912
0
0
0
0
0
0
0
0
0
285212672
536870912
0
0
0
134217728
671088640
536870912
51380224
0
536870912
0
0
0
0
134217728
805306368
201326592
536870912
268435456
82837504
0
0
536870912
0
536870912
0
268435456
167772160
0
536870912
536870912
805306368
0
536870912
0
268435456
704643072
268435456
0
579928064
0
0
167772160
67108864
0
872415232
0
0
578813952
0
536870912
0
268435456
0
0
536870912
268435456
0
671088640
0
0
536870912
0
536870912
0
67108864
134217728
0
41943040
855638016
0
0
536870912
0
0
536870912
738197504
0
0
671088640
0
0
536870912
0
0
268435456
0
268435456
0
0
0
536870912
402653184
0
0
536870912
536870912
536870912
0
536870912
33554432
134217728
50331648
0
0
939524096
0
134217728
0
805306368
0
0
268435456
0
268435456
536870912
0
0
134217728
0
0
0
536870912
536870912
671088640
33554432
0
536870912
536870912
0
136314880
536870912
536870912
0
536870912
805306368
352321536
536870912
39862272
0
134217728
536870912
268435456
536870912
0
19398656
872415232
167772160
138412032
0
134217728
134217728
0
268435456
0
939524096
536870912
268435456
536870912
0
0
0
0
0
0
536870912
0
269221888
0
0
0
0
0
0
0
0
268435456
67108864
0
0
0
0
415760384
0
268435456
710934528
805306368
0
671088640
0
536870912
0
536870912
268435456
0
0
92798976
0
268435456
536870912
0
536870912
0
536870912
0
587464704
536870912
0
0
0
0
939524096
536870912
0
134217728
335544320
402653184
268435456
0
623902720
0
268435456
536870912
346030080
0
671088640
671744000
0
0
268435456
50331648
268435456
0
469762048
268435456
0
536870912
603979776
0
536870912
536870912
0
0
67108864
0
201326592
0
216268800
826277888
805306368
0
134217728
805306368
0
268435456
536870912
0
671088640
0
0
0
0
0
0
0
704643072
0
0
805306368
134217728
268435456
34603008
0
671088640
58720256
473763840
268435456
0
268435456
671088640
0
0
0
9052160
0
0
805306368
905969664
536870912
536870912
0
0
0
150994944
0
0
0
536870912
0
402653184
939524096
591396864
0
536870912
0
0
201326592
0
67108864
0
0
0
268435456
67108864
0
536870912
536870912
0
0
0
0
536870912
419430400
738197504
377487360
137887744
0
32456704
134217728
402653184
0
1835008
0
939524096
536870912
0
710934528
0
268435456
17825792
536870912
268435456
0
0
0
167772160
0
0
0
0
20971520
536870912
805306368
134217728
167772160
404750336
536870912
0
0
536870912
0
536870912
805437440
0
402653184
536870912
0
268435456
0
536870912
704643072
0
0
268435456
268435456
536870912
0
603979776
0
536870912
0
0
335544320
0
0
0
0
447054336
0
268435456
134217728
0
134217728
0
0
0
0
0
0
268435456
805306368
0
637534208
16875520
0
402653184
536870912
939524096
0
0
536870912
536870912
536870912
0
0
0
536870912
0
8388608
671088640
536870912
0
268758016
553648128
536870912
875790336
4227072
33554432
0
536870912
0
100663296
0
159383552
838860800
0
268435456
0
0
805306368
805306368
536870912
0
536870912
360710144
268435456
0
536870912
134217728
603979776
0
941621248
0
536870912
553648128
0
0
268435456
805306368
637534208
0
268435456
0
402653184
939524096
268435456
536870912
301989888
142606336
268435456
536870912
536870912
805306368
0
0
536870912
0
536870912
425721856
671088640
402653184
0
0
0
268435456
16777216
536870912
268435456
402653184
838860800
0
268435456
536870912
134217728
0
209059840
0
805306368
536870912
0
0
687865856
536870912
0
285212672
0
536870912
0
536870912
0
0
0
536870912
0
536870912
654311424
0
0
0
536870912
0
268435456
536870912
0
0
0
857735168
109051904
0
0
536870912
0
134217728
0
536870912
0
0
67108864
0
805306368
436207616
0
0
611319808
0
285212672
536870912
0
0
0
805306368
268435456
805306368
0
536870912
0
268435456
0
0
0
0
0
0
0
0
0
0
0
0
0
0
67108864
536870912
268435456
0
293601280
0
0
0
0
805306368
67108864
0
0
536870912
0
125829120
0
268435456
0
285212672
536870912
402653184
536870912
671088640
0
536870912
25165824
0
536870912
587202560
536870912
805306368
0
475030016
536870912
738197504
201326592
0
536870912
807403520
83886080
822083584
33554432
0
335544320
268435456
0
0
0
150994944
0
838860800
0
0
0
0
0
0
0
805306368
134217728
0
0
0
687865856
805306368
100663296
469762048
0
805306368
0
0
92274688
746586112
0
0
949436416
0
537788416
0
268435456
939524096
536870912
343932928
33554432
0
0
0
0
0
67108864
536870912
201326592
0
0
0
0
0
805306368
0
138412032
268435456
536870912
336068608
536870912
134217728
805306368
0
0
687865856
268435456
0
167772160
0
536870912
0
0
0
0
0
0
536870912
536870912
603979776
905969664
838860800
536870912
0
536870912
536870912
0
0
67108864
0
0
0
536870912
536870912
0
536870912
536870912
285212672
536870912
0
0
0
536870912
0
939524096
0
0
536870912
0
536870912
268435456
0
0
0
301989888
134217728
268435456
0
283115520
0
210632704
0
0
134217728
0
0
536870912
0
0
0
0
0
268435456
0
83886080
335544320
268435456
0
0
268435456
0
0
0
100663296
0
0
276824064
536870912
805306368
0
0
0
536870912
0
0
536870912
0
134217728
67108864
0
0
268435456
536870912
0
44171264
536870912
0
16777216
0
134217728
491782144
402653184
0
0
270532608
700448768
0
0
0
570425344
0
0
0
402653184
0
536870912
33554432
268435456
0
805306368
0
704643072
402653184
369098752
0
0
134217728
0
805306368
536870912
0
0
0
0
536870912
0
402653184
142606336
452984832
0
0
0
0
536870912
536870912
285212672
0
134217728
268435456
0
268435456
0
805306368
0
0
543162368
0
0
134217728
33554432
67108864
201326592
536870912
369098752
67108864
536870912
0
536870912
67108864
0
0
268435456
608174080
33554432
0
402653184
0
0
536870912
0
0
134217728
692584448
0
0
805306368
0
0
537264128
285212672
603979776
0
0
0
536870912
402653184
0
582483968
0
0
155189248
268435456
402653184
201326592
0
268435456
0
0
0
536870912
536870912
536870912
0
0
369098752
268435456
0
0
0
0
0
0
0
0
536870912
0
0
268435456
67108864
0
671088640
0
0
134217728
0
536870912
0
268435456
0
0
0
8388608
0
268435456
268435456
0
352321536
805306368
276824064
536870912
67108864
268435456
0
0
0
536870912
536870912
536870912
268435456
0
0
0
0
0
0
536870912
0
268435456
268435456
0
0
536870912
0
0
0
268435456
553648128
268435456
16777216
0
268435456
268435456
6291456
536870912
0
0
536870912
279314432
536870912
805306368
696254464
67108864
0
0
67108864
805306368
0
117440512
0
268435456
0
0
922746880
0
0
70647808
805306368
536870912
0
536870912
536870912
536870912
0
536870912
0
805306368
0
0
134217728
0
637534208
805306368
0
536870912
268435456
0
268435456
0
0
805306368
402653184
268435456
0
285212672
805306368
0
0
536870912
0
0
0
201326592
0
0
0
939524096
0
0
402653184
0
67108864
536870912
268435456
0
805306368
570425344
0
536870912
564133888
402653184
0
0
642121728
0
0
536870912
0
0
805306368
92274688
0
0
0
0
0
0
805306368
536870912
536870912
50331648
0
0
0
536870912
0
184549376
0
536870912
536870912
0
134217728
536870912
536870912
134217728
536870912
268435456
536870912
536870912
536870912
729808896
0
591396864
0
805306368
0
402653184
0
0
873988096
0
134217728
268435456
0
0
603979776
0
0
603979776
134217728
0
939524096
0
16777216
134217728
0
0
0
0
0
0
0
536870912
335544320
0
704643072
0
0
805306368
25165824
0
0
536870912
402653184
536870912
536870912
536870912
805306368
0
0
704643072
0
0
0
0
939524096
0
469762048
268435456
33554432
0
0
805306368
805306368
0
0
0
0
335544320
0
37748736
0
201326592
0
553648128
536870912
603979776
0
0
805306368
134217728
0
0
0
0
402653184
0
0
805306368
536870912
0
0
536870912
268435456
0
268435456
268435456
357400576
536870912
0
0
0
0
536870912
0
0
536870912
50331648
0
0
268435456
226492416
0
536870912
178782208
134217728
268435456
536870912
33554432
0
11796480
0
536870912
0
268435456
370364416
0
536870912
0
0
0
0
0
973078528
553648128
0
0
0
805306368
536870912
805306368
0
0
67108864
805306368
536870912
100663296
0
201326592
201326592
0
0
268435456
201326592
436207616
268435456
0
469762048
536870912
0
0
335544320
33554432
268435456
749731840
671088640
268435456
536870912
0
0
134217728
536870912
0
536870912
0
335544320
585105408
343990272
0
0
0
0
402653184
0
805306368
0
268435456
536870912
805306368
134217728
0
536870912
0
536870912
0
0
0
146800640
268435456
0
536870912
805306368
805306368
0
268435456
0
18874368
536870912
0
67108864
0
0
134217728
738197504
0
268435456
0
536870912
0
0
0
0
805306368
268435456
134217728
0
134217728
0
541065216
536870912
0
0
0
0
536870912
603979776
0
0
805306368
620756992
67108864
0
0
0
0
536870912
939524096
402653184
536870912
553648128
0
536870912
0
268435456
0
0
301989888
0
562036736
0
0
0
0
536870912
536870912
536870912
805306368
678166528
536870912
671088640
536870912
0
0
0
0
303038464
268435456
117440512
0
604520448
134217728
536870912
335544320
134217728
536870912
0
536870912
536870912
0
559939584
268435456
0
0
18874368
0
268435456
0
6291456
0
0
553648128
536870912
0
0
671088640
0
419430400
268435456
268435456
0
939524096
0
536870912
8388608
0
134217728
423624704
536870912
536870912
0
67108864
0
654311424
0
134217728
134217728
536870912
0
134217728
0
0
0
0
0
0
0
603979776
805306368
939524096
536870912
0
0
536870912
402653184
134217728
268435456
0
0
0
0
0
0
671088640
0
201326592
805306368
805306368
268435456
0
134217728
268435456
771751936
134217728
402653184
0
0
536870912
303038464
0
0
0
0
268435456
268435456
671088640
0
0
16777216
536870912
0
46137344
470810624
0
0
0
0
536870912
536870912
0
0
268435456
536870912
0
536870912
268435456
268435456
0
805306368
0
67108864
0
0
268435456
0
536870912
0
0
0
0
0
268435456
0
0
536870912
0
536870912
0
0
0
0
685768704
536870912
16777216
0
536870912
536870912
268435456
603979776
348127232
671088640
0
0
276824064
536870912
536870912
536870912
536870912
0
0
10485760
0
0
0
0
624951296
805306368
0
0
0
0
134217728
478150656
805306368
0
536870912
0
0
0
0
373686272
0
0
0
0
67108864
0
0
0
805306368
0
0
0
33554432
201326592
0
268435456
0
268435456
0
0
0
342949888
335544320
0
0
536870912
536870912
436207616
0
536870912
83886080
0
536870912
117440512
0
0
0
0
268435456
536870912
0
0
268435456
536870912
536870912
134217728
0
0
541065216
0
34603008
33554432
0
0
201326592
0
0
536870912
536870912
8388608
201326592
268435456
100663296
805306368
939524096
536870912
134217728
268435456
536870912
0
268435456
268435456
0
549781504
805306368
319848448
0
0
536870912
536870912
0
536870912
599785472
159383552
536870912
0
536870912
0
536870912
0
54525952
536870912
0
536870912
536870912
67108864
0
536870912
0
805306368
0
536870912
0
603979776
268435456
192937984
0
33554432
0
536870912
109051904
0
0
268435456
0
536870912
436207616
738197504
268435456
941621248
536870912
536870912
469762048
536870912
268435456
0
134217728
0
0
0
0
536870912
805306368
536870912
0
0
0
536870912
578813952
67108864
0
0
566231040
201326592
0
536870912
0
289406976
0
0
160305152
67108864
536870912
536870912
0
805306368
579076096
0
276824064
805306368
134217728
0
0
100663296
671088640
41943040
268435456
553648128
0
0
0
67108864
536870912
0
570425344
0
0
0
0
0
0
268435456
268435456
0
536870912
0
536870912
671088640
0
0
268435456
150994944
0
0
134217728
0
0
536870912
0
536870912
268435456
0
136445952
0
268435456
0
0
536870912
536870912
0
0
0
201326592
536870912
0
0
0
805306368
352321536
536870912
0
536870912
0
0
333447168
0
0
0
536870912
0
0
268435456
536870912
0
134217728
0
763363328
603979776
0
536870912
0
0
805306368
0
671088640
268435456
0
268435456
536870912
0
0
771751936
536870912
0
536870912
0
0
0
0
335544320
0
0
0
0
536870912
0
101711872
33554432
335544320
654934016
536870912
536870912
0
805855232
0
0
0
536870912
419430400
536870912
536870912
0
0
536870912
268435456
0
671088640
0
0
20971520
268435456
0
0
16777216
536870912
268435456
0
50331648
536870912
0
268435456
805306368
0
0
0
0
679477248
0
0
536870912
134217728
0
0
536870912
0
100663296
268435456
805306368
0
226492416
0
0
0
268435456
268435456
0
671088640
0
0
0
0
0
0
100663296
805306368
603979776
637534208
268435456
0
0
0
0
0
402653184
134217728
0
822083584
0
0
0
0
0
805306368
0
805306368
268435456
0
67108864
0
838860800
0
268435456
0
805306368
268435456
0
0
0
822083584
0
536870912
671088640
268435456
0
134217728
0
0
268435456
285212672
687865856
0
0
536870912
0
0
268435456
0
0
0
16777216
268435456
268435456
536870912
0
352321536
134217728
5341504
536870912
0
304087040
0
0
0
201326592
0
0
402653184
0
83886080
268435456
0
536870912
0
0
0
603979776
0
0
536870912
134217728
67108864
0
0
0
0
0
0
67108864
0
318767104
0
268435456
335544320
553648128
939524096
0
0
5242880
0
536870912
268435456
268435456
0
4194304
0
671088640
117440512
536870912
268435456
536870912
805306368
392167424
0
0
285212672
0
0
0
0
134217728
7340032
268435456
0
268435456
0
0
0
0
536870912
0
0
806436864
0
0
268435456
0
0
805306368
0
536870912
0
813694976
0
268435456
0
268435456
0
171966464
671088640
0
536870912
0
536870912
335544320
805306368
536870912
0
0
677380096
0
536870912
536870912
872415232
134217728
0
0
0
880803840
805306368
0
0
0
134217728
13402112
0
134217728
0
402653184
0
0
0
0
805306368
536870912
536870912
301989888
167772160
0
805306368
616562688
578813952
0
0
0
268435456
0
0
134217728
350748672
0
0
402653184
0
16777216
0
134217728
541065248
67108864
10485760
536870912
0
0
0
100663296
0
0
613416960
0
536870912
0
352321536
0
536870912
0
0
0
536870912
0
0
134217728
0
424411136
0
536870912
805306368
0
0
0
0
0
0
0
0
184549376
13156352
0
134217728
0
67108864
536870912
0
0
281018368
671088640
0
0
0
536870912
536870912
838860800
0
402653184
41287680
0
536870912
268435456
536870912
0
872415232
603979776
0
297795584
436207616
0
805306368
0
67108864
134217728
536870912
134217728
0
41943040
805306368
134217728
562036736
536870912
0
0
17301504
0
268435456
134217728
234881024
536870912
75497472
536870912
8388608
0
0
301989888
553910272
536870912
0
0
134471680
536870912
0
0
536870912
0
92798976
33554432
268435456
209715200
335544320
0
134217728
874512384
536870912
67108864
0
8912896
0
0
471389312
0
654835712
981467136
268435456
0
0
0
268435456
603979776
805306368
0
268435456
134217728
0
0
67108864
0
268435456
0
268435456
671088640
0
0
0
536870912
0
0
8388608
536870912
268435456
536870912
0
268435456
805306368
0
0
536870912
0
671088640
805306368
0
67108864
0
0
0
0
0
0
539230208
536870912
805306368
0
0
0
536870912
436207616
805306368
0
536870912
671088640
0
603979776
0
0
536870912
0
536870912
402653184
805306368
536870912
536870912
94371840
268435456
0
100663296
619708416
805306368
536870912
536870912
268435456
536870912
0
0
0
268435456
0
0
0
536870912
14286848
536870912
0
75497472
536870912
0
0
536870912
809500672
0
0
536870912
0
268435456
0
402653184
0
0
0
67108864
0
0
75497472
0
4718592
268435456
0
536870912
0
805306368
0
671088640
33554432
0
805306368
369098752
536870912
100663296
268435456
536870912
0
9437184
536870912
536870912
0
0
0
536870912
268435456
536870912
671088640
268435456
268435456
0
805306368
671088640
536870912
0
0
0
268435456
0
0
0
144179200
0
536870912
536870912
0
536870912
536870912
0
0
0
67108864
469762048
0
0
536870912
0
536870912
0
123731968
297795584
57753600
536870912
536870912
0
0
0
0
0
0
0
637534208
268435456
0
290193408
536870912
0
0
0
0
560463872
0
0
0
0
268435456
0
805306368
0
143392768
0
0
805306368
0
570425344
0
0
545259520
0
0
0
305135616
0
134217728
0
0
536870912
134217728
0
562036736
402653184
0
0
0
67108864
536870912
0
335544320
0
0
268435456
0
0
0
16777216
0
120061952
16777216
0
0
0
0
0
0
0
0
0
1048576
0
268435456
558235648
536870912
0
536870912
0
0
545259520
0
0
805306368
536870912
0
0
0
0
234881024
0
0
570425344
67108864
0
134217728
0
419430400
8388608
134217728
0
0
83886080
0
0
536870912
805306368
541065216
268435456
0
805306368
671088640
0
16777216
0
0
671088640
124354560
0
0
536870912
536870912
536870912
402653184
536870912
0
0
671088640
503316480
536870912
100663296
905969664
0
436207616
536870912
0
536870912
0
0
134217728
0
536870912
268435456
0
536870912
0
536870912
402653184
536870912
0
0
0
0
536870912
67108864
67108864
0
100663296
245366784
603979776
0
144703488
0
536870912
134217728
0
0
0
167772160
536870912
75497472
301989888
134217728
0
0
0
201326592
0
0
0
0
671088640
536870912
0
268435456
50331648
536870912
268435456
0
0
134217728
671088640
536870912
268435456
301989888
0
0
0
536870912
0
0
0
570425344
0
721420288
291504128
0
134217728
0
0
805306368
843055104
538587136
201326592
0
375390208
658505728
0
67108864
430964736
0
0
0
536870912
0
327155712
637534208
0
184549376
0
0
536870912
310378496
0
0
536870912
0
0
33554432
0
536870912
0
0
0
201326592
0
268435456
406847488
0
612368384
805306368
0
0
0
0
536870912
939524096
671088640
671088640
402653184
268435456
0
822083584
536870912
555745280
0
603979776
0
268435456
201326592
268435456
536870912
536870912
0
0
0
67108864
0
0
67108864
0
0
0
0
536870912
536870912
0
0
0
268435456
0
805306368
587202560
805306368
0
134217728
0
557842432
603979776
134217728
0
0
0
0
352321536
0
150994944
0
0
0
0
520093696
270010368
0
100663296
0
0
536870912
119799808
109051904
0
0
134217728
639631360
0
0
536870912
0
0
268435456
536870912
536870912
536870912
0
0
0
0
469762048
536870912
0
536870912
201326592
268435456
0
0
0
0
0
0
0
0
536870912
0
536870912
268435456
0
0
536870912
402653184
637534208
536870912
268435456
0
0
536870912
184549376
0
16777216
0
0
268435456
0
805306368
0
536870912
536870912
0
0
536870912
268435456
0
0
50331648
0
0
0
0
738197504
536870912
0
0
268435456
0
0
0
536870912
0
805306368
234881024
536870912
603979776
0
0
0
805306368
33554432
536870912
0
536870912
0
0
0
150994944
402653184
335544320
0
0
0
536870912
218103808
268435456
419430400
268435456
671088640
855638016
0
0
0
67108864
0
0
0
0
0
0
536870912
536870912
0
134217728
536870912
41943040
536870912
0
536870912
0
402653184
0
0
0
0
939524096
0
268435456
536870912
22020096
536870912
536870912
0
0
0
268435456
0
134217728
134217728
620756992
0
536870912
0
536870912
805306368
536870912
0
0
536870912
536870912
0
268435456
0
268435456
0
536870912
536870912
805306368
0
0
33554432
603979776
536870912
134217728
0
402653184
0
0
0
0
335544320
536870912
0
536870912
100663296
0
0
0
0
0
0
0
0
33554432
402653184
0
738197504
536870912
0
0
805306368
268435456
0
0
0
939524096
0
0
0
536870912
536870912
0
536870912
536870912
0
671088640
536870912
0
0
0
0
0
0
562036736
0
0
0
134217728
536870912
0
0
402653184
0
0
0
671088640
285212672
134217728
0
536870912
0
268435456
536870912
0
960659456
536870912
0
268435456
805306368
0
402653184
0
486539264
558759936
268435456
268435456
0
220200960
0
67108864
0
402653184
0
0
536870912
536870912
0
0
167772160
536870912
469762048
0
0
0
33554432
0
0
0
0
536870912
0
0
268435456
536870912
536870912
0
0
671088640
545259520
0
0
0
536870912
0
536870912
0
536870912
0
0
134217728
536870912
536870912
33554432
0
0
0
268435456
0
0
0
536870912
536870912
603979776
0
536870912
0
0
0
0
0
0
536870912
536870912
671088640
805306368
67108864
473956352
0
0
536870912
268435456
0
536870912
738197504
0
34635776
0
536870912
0
50331648
0
0
0
0
0
0
18874368
0
0
671088640
0
0
0
25165824
536870912
0
268435456
536870912
671088640
536870912
0
402653184
62914560
536870912
0
335544320
0
0
0
134217728
0
0
0
536870912
834666496
0
536870912
536870912
0
0
295698432
66584576
0
6832640
0
0
0
0
0
0
0
0
0
0
0
805306368
201326592
536870912
268435456
352321536
268435456
0
0
0
0
603979776
0
402653184
0
0
0
536870912
0
268435456
33554432
0
536870912
0
0
0
0
13631488
0
0
536870912
268435456
0
0
0
0
268435456
0
319225856
536870912
0
0
0
0
0
0
0
0
268435456
536870912
0
304087040
939524096
0
0
268435456
536870912
536870912
536870912
25165824
536870912
0
362807296
0
0
0
0
268435456
0
0
0
0
318767104
146800640
134217728
0
671088640
0
0
671088640
536870912
0
570425344
0
0
268435456
0
0
603979776
360710144
402653184
33554432
0
0
570425344
0
134217728
469762048
536870912
33554432
0
0
352321536
503316480
0
272629760
671088640
671088640
0
0
0
134217728
0
0
805306368
0
0
536870912
536870912
0
268435456
0
0
0
33554432
0
0
939524096
201326592
0
603979776
0
536870912
16777216
0
0
402653184
0
436207616
0
0
67108864
0
0
0
0
0
16777216
150994944
0
67108864
536870912
268435456
0
0
782237696
536870912
25165824
0
0
536870912
536870912
134217728
167772160
268435456
0
738197504
805306368
0
0
4456448
0
757334016
134217728
536870912
0
536870912
0
0
50331648
20971520
0
406847488
0
268435456
201326592
939524096
0
0
536870912
134217728
0
0
0
0
134217728
0
135790592
0
570425344
0
0
687865856
268435456
343932928
0
926941184
671088640
536870912
536870912
419430400
134217728
268435456
0
268435456
0
0
0
639926272
0
0
0
0
134217728
268435456
0
167772160
310378496
134217728
0
0
268435456
134217728
268435456
0
0
0
671088640
201326592
0
70148096
553648128
0
0
0
0
0
268435456
536870912
0
536870912
805306368
0
0
536870912
847249408
301989888
536870912
0
0
268435456
0
0
262144
268435456
0
0
0
134217728
939524096
873005568
0
0
0
111149056
0
0
134217728
536870912
167772160
0
0
0
102957056
0
536870912
0
0
0
503316480
0
0
0
0
0
268435456
0
0
0
0
0
0
134217728
687865856
536870912
0
0
469762048
0
234881024
0
33554432
536870912
0
0
536870912
536870912
0
0
603979776
0
536870912
536870912
0
0
0
403832832
0
0
0
268435456
268435456
167772160
352321536
0
0
83886080
0
0
0
620756992
262144
0
404750336
0
570425344
134217728
0
0
184549376
268435456
268435456
0
67108864
805306368
287309824
629145600
0
0
0
536870912
536870912
536870912
436207616
0
536870912
150994944
606076928
0
679477248
137363456
805306368
402653184
0
218103808
536870912
603979776
838860800
0
671088640
838860800
536870912
402653184
543162368
0
536870912
402653184
0
0
16777216
0
738197504
0
0
536870912
0
167772160
0
536870912
0
0
83886080
805306368
0
0
805306368
69206016
729808896
536870912
603979776
0
0
0
0
671088640
134217728
67108864
268435456
671088640
121765888
0
536870912
536870912
0
603979776
536870912
0
83886080
0
0
536870912
0
0
0
574619648
0
704643072
83886080
0
0
680525824
268435456
0
268435456
536870912
805306368
0
536870912
536870912
0
0
738197504
469762048
356515840
0
0
0
402653184
0
0
536870912
268435456
0
0
0
603979776
0
805306368
0
536870912
0
0
167772160
536870912
0
201326592
536870912
0
536870912
0
0
0
0
268435456
536870912
0
0
0
20971520
0
0
0
201326592
0
536870912
553648128
0
0
0
83886080
0
0
0
0
536870912
268435456
0
0
536870912
0
536870912
0
84934656
0
536870912
201326592
0
782237696
0
0
0
268435456
0
268435456
0
268435456
0
0
201326592
0
0
671088640
0
0
0
536870912
536870912
335544320
0
536870912
134217728
0
0
100663296
0
0
0
0
268435456
33554432
0
268435456
0
268435456
0
0
402653184
268435456
268435456
0
0
536870912
0
0
536870912
33554432
620756992
536870912
0
268435456
0
0
0
402653184
536870912
234881024
100663296
0
0
318767104
0
268435456
83886080
0
0
402653184
0
0
0
0
0
0
0
0
0
201326592
402653184
268435456
0
536870912
0
0
0
0
0
0
268435456
536870912
0
0
0
0
0
0
0
138412032
268435456
0
16779264
0
0
268435456
0
0
0
0
536870912
0
0
0
0
0
0
671088640
67108864
167772160
536870912
224395264
536870912
872415232
0
536870912
0
134217728
0
0
268435456
0
0
0
142606336
672661504
134217728
0
37748736
0
0
0
536870912
268435456
0
0
0
894435328
536870912
0
0
545259520
121634816
536870912
536870912
0
0
100663296
35651584
0
0
100663296
268435456
100663296
536870912
0
369360896
0
0
536870912
0
268435456
0
536870912
469762048
0
0
469762048
17448960
0
536870912
807600128
939524096
0
301989888
0
331743232
0
536870912
0
0
0
0
805306368
0
335544320
450363392
0
0
268435456
536870912
536870912
805306368
0
0
0
0
0
0
201326592
772014080
0
268435456
0
0
0
536870912
671088640
0
0
268435456
0
0
805306368
536870912
0
167772160
0
134217728
285212672
0
0
0
0
0
0
0
0
205520896
0
402653184
805306368
0
536870912
268435456
0
0
268435456
536870912
536870912
0
268435456
536870912
0
0
0
268435456
905969664
268435456
0
0
0
0
0
100663296
563609600
218103808
0
0
536870912
1048576
0
536870912
306184192
0
83886080
536870912
858914816
536870912
268435456
0
0
0
0
0
140509184
0
201326592
0
0
536870912
134217728
0
536870912
0
268435456
67108864
536870912
0
0
536870912
0
0
134217728
0
536870912
134217728
0
134217728
402653184
0
536870912
0
0
457179136
0
268435456
33554432
536870912
0
0
0
0
0
385875968
0
0
0
805306368
536870912
0
0
872415232
157286400
151519232
268435456
578289664
0
536870912
0
268435456
813694976
704643072
465567744
0
268435456
294125568
0
536870912
0
268435456
0
0
637534208
0
0
0
0
0
0
0
67108864
939524096
0
536870912
41943040
0
0
939524096
0
186646528
0
0
0
0
0
0
536870912
0
0
540016640
0
536870912
706002944
0
0
0
134217728
0
0
0
562806784
0
268435456
838860800
536870912
0
0
0
0
536870912
0
268435456
0
0
570425344
0
536870912
0
0
0
0
0
100663296
0
536870912
0
0
134217728
268435456
536870912
0
0
0
0
0
671088640
0
0
134217728
0
805306368
536870912
805306368
805306368
0
536870912
0
268435456
0
536870912
536870912
536870912
268435456
402653184
67108864
0
671088640
0
268435456
268435456
0
872415232
805306368
268435456
268435456
671088640
536870912
0
0
30932992
0
0
268435456
0
0
553648128
536870912
0
637534208
0
268435456
402653184
0
402653184
0
805306368
0
247463936
805306368
0
402653184
150994944
33849344
469762048
268435456
134217728
268435456
0
0
536870912
0
0
0
0
268435456
0
0
34603008
838860800
134217728
805306368
0
603979776
0
0
0
0
0
536870912
0
0
0
0
872415232
167772160
0
536870912
0
536870912
0
0
0
0
0
0
0
0
536870912
0
0
0
134217728
0
406847488
268435456
503316480
536870912
0
0
805306368
805306368
704643072
446431232
67108864
100663296
0
704643072
671088640
0
419168256
268435456
0
939524096
570425344
268435456
0
536870912
0
570556416
0
0
0
0
536870912
805306368
0
536870912
0
0
209715200
805306368
536870912
0
0
268435456
423624704
0
603979776
0
33554432
805306368
0
536870912
96468992
0
12582912
0
536870912
536870912
201326592
536870912
268435456
536870912
0
0
0
268435456
0
671088640
0
100663296
536870912
0
0
536870912
0
0
0
536870912
0
134217728
50331648
889192448
100663296
134217728
536870912
0
671088640
0
0
536870912
675282944
268435456
0
159383552
0
402653184
301989888
0
536870912
201326592
536870912
687865856
268435456
0
402653184
939524096
67108864
0
268435456
268435456
150994944
536870912
909115392
377487360
0
0
0
0
268435456
536870912
805306368
0
536870912
0
637534208
352321536
0
0
0
536870912
268435456
0
0
545259520
805306368
28311552
536870912
134217728
134217728
0
274726912
536870912
0
0
536870912
0
0
0
0
536870912
0
268435456
67108864
536870912
0
134217728
0
102760448
726138880
0
0
279347200
0
0
603979776
0
0
0
0
74448896
872415232
0
0
0
0
0
536870912
574619648
0
268435456
67108864
0
0
536870912
0
184549376
0
671088640
268435456
536870912
0
0
0
0
805306368
0
0
0
671088640
536870912
805306368
150994944
0
192937984
167772160
0
0
0
0
285212672
134217728
0
0
536870912
0
0
0
335544320
538968064
268435456
0
0
268435456
0
0
0
0
0
0
0
0
536870912
536870912
0
29442048
0
805306368
301989888
67108864
536870912
0
0
301989888
536870912
671088640
0
268435456
411041792
0
0
553648128
536870912
0
0
268435456
268435456
0
0
603979776
0
0
67108864
0
536870912
0
50331648
0
0
0
0
134217728
0
0
67108864
0
134217728
536870912
0
0
0
268435456
811008
0
0
0
0
0
0
0
8388608
268435456
729808896
0
0
0
0
0
0
536870912
134217728
872415232
0
0
0
0
0
0
0
0
0
335544320
671088640
100663296
268435456
406847488
0
0
67108864
0
0
226492416
0
536870912
0
18874368
0
0
0
0
536870912
805306368
578813952
0
536870912
0
0
805306368
0
671088640
402653184
536870912
553648128
0
0
285212672
234881024
402653184
0
536870912
234881024
0
536870912
0
0
335544320
805306368
469762048
746586112
536870912
117440512
0
536870912
0
0
16777216
0
100663296
0
0
612368384
0
805306368
33554432
618659840
0
0
0
536870912
209715200
285212672
134217728
0
0
0
0
0
134217728
130023424
0
0
0
704643072
822083584
0
536870912
0
0
268435456
0
637534208
0
0
268435456
805306368
268435456
536870912
0
805306368
0
0
268435456
805306368
0
0
536870912
268435456
536870912
0
0
268435456
0
0
402653184
536870912
241565696
0
0
0
0
0
29753344
0
0
553648128
0
0
0
637534208
536870912
805306368
184549376
67108864
0
0
0
536870912
536870912
0
0
0
536870912
0
536870912
436207616
0
276824064
805306368
0
0
536870912
134217728
268435456
0
201326592
0
545259520
268435456
0
0
268435456
268435456
0
0
536870912
402653184
0
335544320
268435456
0
536870912
0
671088640
134217728
234881024
40239104
536870912
0
0
0
268435456
872415232
427819008
0
0
0
36421632
146276352
0
0
100663296
0
268435456
0
0
0
536870912
536870912
0
184549376
536870912
536870912
0
0
0
671088640
583761920
134217728
536870912
536870912
12582912
0
0
0
268435456
0
0
0
536870912
402653184
587202560
402653184
0
553648128
0
822083584
167772160
0
0
0
0
805306368
75497472
0
536870912
0
0
0
805306368
162529280
536870912
0
268435456
0
0
536870912
536870912
134217728
426770432
0
276824064
0
805306368
0
0
0
0
536870912
0
0
536870912
239075328
0
805306368
42991616
0
536870912
671088640
0
134217728
0
0
805306368
268435456
436207616
0
16777216
0
0
536870912
536870912
0
805306368
268435456
268435456
0
0
36962304
852492288
872415232
0
31457280
0
0
536870912
0
0
0
0
33554432
52559872
0
0
0
0
637534208
268435456
134217728
369098752
0
0
0
603979776
161480704
0
0
314572800
536870912
536870912
0
0
0
0
0
536870912
0
536870912
134217728
33554432
301989888
402653184
562036736
402653184
0
318767104
0
0
201326592
0
268435456
536870912
0
0
0
0
671088640
419430400
536870912
734003200
0
0
167772160
0
805306368
0
0
50331648
807403520
394264576
0
0
0
0
0
0
0
0
0
0
0
0
805306368
0
0
564969472
0
0
67108864
0
0
536870912
0
0
4194304
0
0
0
268435456
536870912
402653184
0
0
0
0
67108864
805306368
0
134217728
0
0
0
0
536870912
0
0
536870912
0
0
67108864
0
536870912
92274688
0
268435456
536870912
0
536870912
67108864
0
0
0
0
0
0
536870912
268435456
536870912
100663296
0
536870912
0
878706688
536870912
939524096
268435456
0
0
33554432
0
536870912
0
167772160
0
67108864
0
441843712
152486408
0
268435456
0
0
0
176160768
0
738197504
134217728
0
0
438304768
411051008
3145728
536870912
0
134217728
0
134217728
0
0
301989888
0
805306368
0
0
536870912
100663296
100663296
201326592
536870912
0
0
33554432
536870912
805306368
150994944
0
287309824
0
0
536870912
0
0
0
536870912
536870912
33554432
536870912
0
0
0
402653184
0
0
301989888
536870912
0
0
0
79691776
0
0
0
0
0
0
0
947912704
320405504
0
100663296
268435456
870468608
603979776
134217728
536870912
268435456
0
0
805306368
0
0
536870912
0
0
536870912
536870912
0
268435456
268435456
0
0
0
0
94371840
268435456
0
0
0
67108864
134217728
0
0
973078528
0
268435456
0
0
671088640
0
0
0
0
0
0
134217728
536870912
0
0
553648128
268435456
0
0
0
671088640
0
0
536870912
0
0
0
536870912
0
536870912
0
268435456
536870912
0
805306368
0
0
536870912
0
0
144179200
536870912
671088640
536870912
536870912
0
0
536870912
0
0
536870912
134217728
0
0
536870912
134217728
536870912
0
0
268435456
0
0
973078528
268435456
0
0
287309824
134217728
0
0
805306368
301989888
0
0
268435456
0
0
402653184
268435456
0
268435456
0
536870912
268435456
545259520
134217728
0
536870912
0
536870912
805306368
805306368
33554432
301989888
0
805306368
37748736
268435456
268435456
603979776
0
536870912
67108864
0
268435456
0
536870912
0
134217728
536870912
0
0
134217728
0
0
0
536870912
536870912
0
536870912
536870912
0
301989888
0
335544320
0
683671552
0
268435456
0
671088640
0
0
134217728
536870912
0
0
402653184
0
536870912
0
0
134217728
536870912
536870912
0
0
0
536870912
0
0
0
0
0
0
268435456
0
536870912
268435456
225230848
142606336
268435456
0
0
0
176160768
536870912
536870912
536870912
603979776
0
0
268435456
142606336
0
0
0
0
536870912
67108864
0
0
0
268435456
0
0
0
0
8912896
536870912
536870912
0
0
0
536870912
0
0
536870912
545259520
671088640
0
369098752
134217728
536870912
369098752
0
939524096
536870912
0
536870912
0
134217728
0
0
536870912
0
745553920
134217728
0
536870912
0
0
0
536870912
805306368
268435456
0
0
402653184
0
369098752
671088640
0
285212672
0
639631360
0
0
536870912
603979776
536870912
536870912
0
134217728
0
545259520
536870912
536870912
0
536870912
536870912
0
0
268435456
67108864
0
33554432
134217728
1310720
0
268435456
0
536870912
0
16777216
0
0
339738624
59768832
0
0
536870912
0
0
536870912
0
402653184
0
268435456
0
0
0
939524096
536870912
536870912
0
0
252706816
536870912
805306368
0
0
6815744
536870912
373293056
402653184
0
0
0
268435456
0
0
0
0
0
0
654311424
0
0
0
0
0
0
134217728
536870912
0
553648128
0
310378496
213909504
0
603979776
0
536870912
0
134217728
16777216
0
536870912
134217728
0
0
805306368
0
0
0
0
268435456
0
805306368
134217728
536870912
536870912
0
536870912
872415232
134217728
0
603979776
402653184
268435456
536870912
0
0
0
536870912
402653184
0
0
0
0
0
41943040
570425344
0
0
0
16777216
0
824369152
0
134217728
671088640
0
0
343932928
0
268435456
536870912
536870912
536870912
0
0
536870912
0
436207616
609746944
0
536870912
536870912
805306368
0
536870912
134217728
536870912
0
0
111149056
0
0
0
0
536870912
33554432
0
222298112
160956416
268435456
0
536870912
0
268435456
67108864
16777216
805306368
37748736
167772160
855638016
840957952
671088640
0
872415232
33554432
301989888
0
0
0
536870912
0
914358272
0
0
0
0
0
570425344
0
0
704643072
0
0
0
0
0
234881024
536870912
536870912
805306368
0
12582912
74449408
134217728
805306368
0
134217728
0
0
285212672
0
0
201326592
0
536870912
0
671121408
402653184
0
671088640
69206016
0
0
83886080
0
207028224
603979776
0
22609920
603979776
0
268435456
0
704643072
402653184
0
402653184
0
0
335544320
0
0
0
268435456
671088640
184549376
536870912
0
402653184
0
268435456
0
0
0
134217728
0
0
71303168
822083584
0
268435456
335544320
0
0
0
0
0
67108864
268435456
6291456
536870912
570425344
536870912
0
0
0
268435456
0
0
0
939524096
67108864
0
134217728
0
536870912
0
150994944
134217728
0
0
536870912
0
0
905969664
0
0
805306368
536870912
536870912
0
0
536870912
0
0
41607168
0
536870912
0
83886080
0
536870912
805306368
536870912
0
536870912
0
0
0
0
0
83886080
335544320
536870912
0
0
0
0
0
134217728
0
536870912
0
126386176
106201088
536870912
0
0
0
939524096
67108864
268435456
369098752
402653184
0
16777216
41943040
67108864
536870912
0
83886080
33554432
536870912
0
0
805306368
0
0
939524096
536870912
805306368
0
536870912
0
0
0
402653184
0
0
0
0
293601280
134217728
0
536870912
0
0
268435456
0
0
29360128
671088640
0
335544320
0
587202560
0
18972672
0
268435456
536870912
134217728
0
0
0
268435456
0
0
0
0
0
0
0
0
167772160
536870912
0
0
0
167772160
805306368
536870912
0
536870912
0
134217728
0
536870912
109051904
402653184
0
0
0
536870912
650117120
671088640
0
671088640
0
0
67108864
0
0
33554432
67108864
134217728
0
153223168
536870912
0
0
671088640
0
0
536870912
0
268435456
805306368
0
536870912
536870912
0
671088640
536870912
0
805306368
208666624
0
335544320
578813952
919076864
671088640
612368384
0
0
0
0
0
0
268435456
402653184
134217728
0
0
0
0
0
536870912
0
0
536870912
35651584
0
805306368
603979776
0
0
0
0
0
134217728
0
805306368
805306368
0
134217728
0
0
0
0
201326592
805306368
0
536870912
536870912
0
536870912
0
268435456
16777216
0
822083584
805306368
536870912
0
201326592
389545984
0
0
0
0
134217728
268435456
78381056
0
0
0
0
94371840
134905856
268435456
0
0
0
0
335544320
0
268435456
0
0
805306368
268435456
0
0
805306368
335544320
805306368
0
0
268435456
536870912
268435456
520093696
603979776
0
134217728
33554432
268435456
738197504
0
268435456
0
536870912
536870912
0
0
268435456
536870912
0
536870912
0
536870912
536870912
536870912
268435456
0
83886080
301989888
4718592
536870912
536870912
0
0
0
268435456
0
0
0
536870912
0
0
0
268435456
0
0
0
903872512
100663296
0
0
0
0
0
0
285212672
0
201326592
671088640
67108864
536870912
0
0
0
0
0
0
436207616
0
0
536870912
0
0
0
134217728
0
536870912
0
16777216
0
0
0
402653184
369098752
0
0
301989888
0
0
0
0
536870912
0
536870912
0
285212672
268435456
573571072
335544320
536870912
536870912
0
0
621346816
603979776
0
536870912
0
0
16777216
0
268435456
402653184
704643072
0
0
0
0
0
536870912
0
0
301989888
0
805306368
0
0
0
0
268435456
603979776
536870912
0
0
436207616
0
536870912
536870912
838860800
335544320
0
805306368
0
301989888
0
0
268435456
0
0
10682368
134217728
536870912
0
134217728
0
671088640
536870912
0
805306368
402653184
0
536870912
0
0
335544320
268435456
0
0
0
714080256
0
268435456
16777216
134217728
0
268435456
0
0
0
0
0
536870912
0
0
369098752
0
0
536870912
0
0
536870912
0
0
335544320
402653184
0
0
268435456
0
0
67108864
939524096
0
0
0
134217728
0
671088640
0
0
0
155189248
805306368
805306368
0
268435456
0
0
268435456
0
0
218103808
0
0
536870912
134742016
0
268435456
0
134217728
69206016
553648128
0
0
0
0
0
212074496
536870912
0
0
402653184
0
0
0
0
0
553648128
0
167772160
0
0
0
536870912
268435456
974127104
0
268435456
0
0
0
805306368
268435456
536870912
0
0
805306368
0
0
335544320
0
0
0
536870912
402653184
704643072
402653184
0
0
268435456
76595200
0
536870912
805306368
562036736
0
0
838860800
0
0
536870912
0
536870912
0
562036736
0
0
805306368
536870912
0
0
0
0
571473920
536870912
0
0
0
0
536870912
0
0
536870912
0
805306368
0
268435456
335544320
0
0
0
0
536870912
0
671088640
0
0
0
100663296
629145600
0
0
0
34603008
268435456
0
0
536870912
340025344
402653184
536870912
50331648
570425344
335544320
0
0
33554432
134217728
0
134217728
469762048
805306368
0
536870912
14680064
0
0
268435456
268435456
0
0
0
0
0
0
0
0
0
134217728
33554432
536870912
0
469762048
536870912
4194304
0
0
0
0
0
0
167772160
134217728
0
536870912
0
268435456
0
0
8388608
0
0
0
134217728
872415232
536870912
177209344
335544320
872415232
0
0
268435456
0
536870912
268435456
0
134217728
536870912
0
0
536870912
0
0
268435456
0
268435456
536870912
394264576
0
0
536870912
0
0
0
536870912
939524096
0
536870912
0
0
805306368
536870912
805306368
0
0
0
805306368
671088640
0
536870912
0
0
0
272633856
0
536870912
0
268435456
0
201326592
0
268435456
536870912
536870912
0
67108864
0
0
536870912
0
20971520
0
0
14680064
536870912
536870912
536870912
0
402653184
536870912
0
67108864
545259520
0
0
0
0
134217728
671088640
0
150994944
805306368
6291456
603979776
0
861929472
0
0
536870912
0
0
0
0
0
268435456
142606336
0
0
0
0
0
150994944
536870912
939524096
268435456
536870912
389021696
0
8388608
68157440
536870912
0
536870912
0
805306368
558104576
33554432
0
0
0
0
0
0
0
0
0
0
402653184
536870912
0
268435456
0
0
85983232
0
0
0
0
536870912
536870912
402653184
125829120
671088640
536870912
0
268435456
3670016
0
0
0
0
0
113246208
536870912
0
0
0
671088640
0
0
293601280
0
0
0
0
805306368
536870912
0
0
536870912
536870912
134217728
121634816
0
0
0
0
0
536870912
167772160
0
337641472
0
0
536870912
536870912
0
0
67108864
536870912
0
536870912
268435456
0
0
268435456
0
0
0
67108864
0
536870912
569376768
0
0
0
0
452984832
0
306184192
536870912
0
805306368
360710144
0
0
301989888
0
0
0
0
805306368
805306368
0
268435456
402653184
67108864
0
268435456
553648128
536870912
67108864
0
469762048
268435456
0
268435456
268435456
0
0
0
0
536870912
0
0
872415232
268435456
536870912
0
0
0
268435456
0
536870912
159383552
805306368
268435456
570425344
134217728
0
0
0
671088640
0
536870912
134217728
0
536870912
0
671088640
536870912
0
142606336
536870912
0
0
0
0
159383552
8388608
939524096
0
0
0
536870912
0
805306368
0
134217728
51642368
0
0
805306368
402653184
67108864
204996608
402653184
0
0
0
0
0
721420288
0
402653184
402653184
402653184
268435456
0
0
629145600
0
423624704
318767104
536870912
402653184
536870912
0
134217728
369098752
0
671088640
0
0
0
0
0
260046848
0
0
268435456
536870912
0
0
0
0
0
0
0
0
136314880
738197504
0
0
234881024
134217728
0
0
0
536870912
268435456
268435456
268435456
0
0
201326592
0
536870912
536870912
268435456
0
0
0
536870912
134217728
671088640
0
406847488
0
555745280
34226176
0
0
536870912
159383552
0
939524096
134217728
536870912
402653184
671088640
67108864
0
0
33554432
0
0
0
0
0
0
536870912
268435456
0
0
0
0
83886080
0
0
134217728
536870912
570425344
285212672
0
536870912
0
268435456
0
0
0
268435456
0
0
0
0
0
0
0
0
268435456
0
0
0
0
0
939524096
0
0
0
0
0
805306368
0
536870912
805306368
209715200
536870912
0
0
0
536870912
536870912
671088640
0
67108864
0
805306368
0
8388608
0
29360128
83886080
805306368
536870912
0
0
0
805306368
0
536870912
8519680
301989888
134217728
536870912
0
167772160
419430400
16777216
536870912
536870912
0
0
536870912
0
234881024
0
0
67108864
0
822083584
285212672
536870912
0
0
536870912
0
0
0
0
574619648
0
721420288
16777216
0
0
0
0
0
67108864
0
536870912
268435456
268435456
131596288
0
0
268435456
805306368
0
134742016
3145728
268435456
939524096
0
939524096
0
0
0
0
0
134217728
0
872415232
0
0
0
0
536870912
0
0
100663296
0
0
285212672
0
536870912
0
0
536870912
0
939524096
536870912
805306368
0
0
0
33554432
0
671088640
0
369098752
0
268435456
536870912
134217728
0
306184192
0
0
536870912
402653184
0
201326592
0
268435456
184549376
268435456
0
0
0
268435456
671088640
0
536870912
536870912
0
536870912
134217728
0
536870912
0
0
373817344
405053440
536870912
872415232
0
536870912
268435456
0
268435456
8388608
268435456
0
0
0
0
0
671088640
0
536870912
0
0
536870912
536870912
0
0
0
268435456
67108864
0
33554432
9175040
0
0
0
560988160
142606336
536870912
0
0
0
0
201326592
0
0
0
603979776
167772160
33554432
285212672
603979776
0
536870912
0
0
67108864
0
0
0
671088640
67108864
0
335544320
0
553648128
939524096
805306368
0
268435456
83886080
452984832
536870912
16777216
671088640
0
0
536870912
0
0
402653184
0
0
0
385875968
67108864
687865856
0
0
0
0
268435456
805306368
704643072
0
0
0
0
0
0
0
0
671088640
0
0
0
536870912
101449728
318767104
536870912
436207616
0
268435456
0
805306368
0
603979776
0
0
0
0
536870912
0
0
176160768
0
0
536870912
805306368
0
536870912
134217728
0
0
536870912
402653184
0
0
134217728
0
0
0
0
0
0
0
33554432
54525952
0
0
570425344
0
0
0
0
565182464
0
67108864
0
536870912
0
134217728
0
0
0
0
469762048
0
805306368
0
268435456
0
536870912
268435456
67108864
134348800
33554432
268435456
0
536870912
0
658505728
0
67108864
0
536870912
134217728
0
0
0
0
134217728
0
0
0
0
536870912
603979776
0
524288
134217728
0
478150656
536870912
33554432
536870912
536870912
536870912
279969792
0
0
0
0
0
134217728
0
67108864
939524096
268435456
14876672
0
0
0
0
234881024
0
0
536870912
402653184
536870912
0
0
0
43515904
0
0
0
201326592
268435456
872415232
0
142606336
536870912
0
25165824
0
536870912
134217728
0
0
536870912
134217728
100663296
0
0
0
0
0
419430400
0
0
134217728
536870912
536870912
0
805306368
536870912
67108864
25821184
67108864
0
0
83886080
16777216
0
335544320
536870912
67108864
0
939524096
0
0
0
536870912
0
0
469762048
167772160
0
0
0
268435456
0
0
402653184
268435456
0
536870912
0
268435456
536870912
536870912
0
0
0
73400320
536870912
0
637534208
889192448
402653184
201326592
0
150994944
268435456
0
0
75497472
6291456
0
0
0
0
0
0
0
0
0
0
268435456
0
536870912
536870912
536870912
855638016
0
69074944
0
536870912
0
134217728
0
536870912
0
268435456
805306368
68845568
33554432
0
603979776
0
0
0
889192448
805306368
0
0
671088640
322961408
0
268435456
0
536870912
0
805306368
536870912
0
0
153092096
872415232
536870912
0
0
268435456
0
0
134217728
0
0
0
0
0
0
16777216
92274688
0
0
805306368
0
83886080
0
0
67108864
0
0
0
134217728
285212672
0
6291456
134217728
186908672
0
0
134217728
536870912
0
0
268435456
0
0
0
536870912
268435456
0
0
0
0
541065216
413401088
0
0
0
775159808
536870912
0
0
872415232
0
113246208
0
268435456
536870912
33554432
603979776
0
0
0
0
0
0
536870912
553648128
134217728
0
0
536870912
0
536870912
536870912
0
939524096
19267584
939524096
536870912
0
0
335544320
0
0
335544320
872415232
0
369098752
0
0
0
134217728
134217728
0
67108864
4194304
0
0
0
0
0
536870912
268435456
536870912
805306368
0
557842432
134217728
0
0
0
0
536870912
268435456
0
0
805306368
201326592
0
369098752
536870912
0
536870912
0
536870912
0
0
536870912
0
0
0
0
536870912
402653184
0
536870912
0
0
0
0
75497472
671088640
603979776
570425344
268435456
805306368
536870912
536870912
805306368
536870912
268435456
805306368
0
536870912
805306368
33554432
293601280
205520896
0
167772160
536870912
218103808
0
33554432
0
805306368
0
0
134217728
8388608
402653184
0
0
0
0
0
0
536870912
536870912
0
620756992
0
671088640
0
0
0
0
771751936
335544320
536870912
536870912
203948032
0
0
0
0
0
0
0
0
67108864
0
0
285212672
0
939524096
0
268435456
0
536870912
536870912
0
234881024
0
0
0
268435456
0
134217728
138412032
0
536870912
0
805306368
0
536870912
805306368
603979776
0
536870912
0
0
268435456
0
0
0
268435456
0
0
603979776
268435456
0
0
0
0
0
0
0
0
0
536870912
0
536870912
436207616
0
301989888
536870912
536870912
0
0
536870912
536870912
268435456
436207616
8388608
0
44040192
0
0
0
536870912
0
67108864
0
0
503316480
805306368
201326592
268435456
0
352321536
0
0
0
0
536870912
805306368
0
805306368
671088640
0
0
0
536870912
0
75497472
0
536870912
0
134217728
805306368
0
0
0
0
0
0
0
268435456
0
268435456
268435456
201326592
0
102760448
117440512
0
0
0
805306368
0
0
536870912
0
0
0
0
142606336
0
67108864
939524096
0
178257920
603979776
268435456
33554432
67108864
0
369098752
239075328
0
805306368
536870912
268435456
536870912
0
0
402653184
0
536870912
536870912
0
373293056
320864256
0
0
536870912
671088640
335544320
0
0
536870912
0
654311424
67108864
268435456
0
0
201326592
0
677380096
536870912
0
100663296
0
0
671088640
268435456
541065216
268435456
536870912
0
536870912
0
301989888
0
402653184
0
0
0
134217728
0
268435456
536870912
0
0
0
536870912
536870912
0
0
0
536870912
0
0
0
0
570425344
0
0
408969216
0
536870912
0
0
346030080
268435456
0
0
134217728
0
536870912
134217728
939524096
0
134217728
0
71303168
134217728
536870912
0
0
838860800
574619648
0
536870912
268435456
50331648
83886080
0
268435456
0
0
0
0
805306368
0
536870912
0
268435456
268435456
536870912
0
0
234881024
71827456
0
536870912
0
134217728
536870912
536870912
134217728
0
276824064
0
0
0
0
0
67108864
0
536870912
268435456
88080384
0
0
536870912
805306368
0
0
0
0
0
0
0
0
0
67108864
0
805306368
301989888
33816576
0
872415232
0
0
222298112
536870912
83886080
536870912
268435456
135307264
369098752
0
0
67108864
0
536870912
67108864
0
536870912
0
603979776
167772160
578813952
0
536870912
268435456
67108864
268435456
671088640
0
0
536870912
0
0
536870912
0
0
0
268435456
56623104
150994944
0
0
0
0
536870912
134217728
0
134217728
0
0
637599744
0
0
0
0
578813952
201326592
0
268435456
0
67108864
0
268435456
0
0
0
603979776
536870912
100663296
0
0
805306368
268435456
536870912
671088640
301989888
536870912
402653184
0
939524096
603979776
536870912
75497472
268435456
0
0
0
0
12582912
0
402653184
536870912
0
536870912
0
67108864
33554432
0
0
0
536870912
0
0
0
624951296
201326592
142606336
0
0
0
536870912
956301312
597950464
402653184
0
0
536870912
0
0
0
0
285212672
0
0
0
0
536870912
536870912
687865856
0
25165824
536870912
0
268435456
67108864
0
0
536870912
0
0
282066944
880803840
67108864
0
82837504
536870912
201326592
805306368
402653184
536870912
268435456
67108864
0
0
0
0
692584448
268435456
0
0
26558464
805306368
337450016
0
268435456
0
536870912
0
0
0
0
536870912
0
0
0
0
0
0
0
268435456
142606336
0
134217728
0
603979776
579600384
0
0
0
0
0
0
0
0
0
536870912
0
134217728
201326592
0
402653184
939524096
536870912
671088640
67108864
536870912
0
0
0
536870912
0
0
536870912
67108864
0
0
536870912
0
0
536870912
805306368
574750720
9437184
536870912
234881024
536870912
0
549453824
0
0
0
134217728
0
268435456
0
0
671088640
9437184
0
100663296
805306368
673316864
0
0
0
536870912
268435456
805306368
0
284164096
400687104
268435456
8388608
0
0
268435456
150994944
0
134217728
0
570425344
117440512
0
4194304
0
0
67108864
536870912
134217728
805306368
0
0
268435456
0
134217728
0
251658240
0
469762048
402653184
536870912
100663296
536870912
50331648
33554432
0
0
0
671088640
0
0
536870912
301989888
536870912
134217728
0
0
536870912
536870912
0
536870912
536870912
671088640
536870912
0
301989888
0
201326592
536870912
27787264
805306368
0
0
67108864
536870912
0
805306368
805306368
536870912
268435456
0
536870912
536870912
0
939524096
671088640
603979776
0
0
536870912
33554432
0
0
0
0
536870912
402653184
536870912
0
402882560
536870912
0
44040192
0
0
536870912
0
0
855113728
536870912
0
0
0
0
29360128
0
142606336
0
0
0
268435456
536870912
0
0
268435456
536870912
0
67108864
0
0
67108864
536870912
536870912
0
939524096
134217728
696254464
0
536870912
29491200
0
536870912
0
805306368
536870912
0
0
536870912
0
276824064
0
0
315621376
536870912
0
805306368
67108864
79691776
0
134217728
536870912
0
0
0
0
0
0
0
0
536870912
536870912
0
805306368
536870912
0
0
335544320
0
0
536870912
268435456
268435456
385875968
536870912
0
0
0
0
0
0
100663296
805306368
0
50331648
201326592
46661632
590348288
0
402653184
0
0
0
536870912
0
268435456
0
645922816
33554432
0
0
134217728
58720256
0
0
0
536870912
0
0
0
0
268435456
0
0
671088640
692240384
0
838860800
243269632
536870912
536870912
0
0
403177472
536870912
763363328
0
268435456
536870912
0
0
0
0
0
536870912
201326592
0
0
0
268435456
402653184
0
0
0
0
0
0
536870912
570425344
536870912
0
0
536870912
268435456
603979776
0
0
0
0
268435456
0
0
536870912
671088640
0
100663296
50331648
939524096
0
201326592
0
0
0
0
536870912
0
0
0
293601280
209715200
318767104
134217728
0
805306368
805306368
0
0
0
671088640
511705088
536870912
905969664
0
0
0
33554432
0
0
536870912
0
118489088
671088640
805306368
973078528
285212672
536870912
268435456
0
536870912
134217728
268435456
0
0
0
0
0
0
0
0
0
0
536870912
0
268435456
0
268435456
278921216
0
0
301989888
142606336
268435456
268435456
822214656
0
0
805306368
771751936
268435456
0
918552576
134217728
536870912
0
570425344
44040192
0
536870912
0
536870912
805306368
0
268435456
0
134217728
0
0
134217728
0
0
0
335544320
268435456
0
0
0
0
0
0
134217728
134217728
0
0
25165824
0
0
0
603979776
0
939524096
0
0
0
0
55263232
0
0
402653184
134217728
0
545259520
0
0
268435456
0
25165824
0
0
536870912
402653184
536870912
536870912
251658240
0
536870912
536870912
536870912
0
268435456
536870912
0
0
0
187695104
0
0
671088640
536870912
0
0
0
0
268435456
0
339738624
0
250085376
33554432
805306368
0
0
92274688
536870912
536870912
0
536870912
0
805306368
0
268435456
536870912
763363328
0
536870912
0
0
371195904
0
855638016
0
0
268435456
0
268435456
28311552
939524096
8388608
536870912
0
570425344
0
138412032
67108864
603979776
0
67108864
0
0
301989888
0
840957952
536870912
34340864
805306368
0
335544320
0
0
536870912
0
352321536
805306368
0
603979776
0
268435456
939524096
201326592
536870912
805306368
268435456
553648128
0
0
536870912
0
0
0
805306368
815792128
0
0
0
536870912
0
805306368
0
536870912
0
0
134217728
268435456
689438720
0
0
536870912
536870912
0
0
0
536870912
0
134217728
0
536870912
0
0
402653184
536870912
0
301989888
268435456
536870912
0
536870912
536870912
0
939524096
0
67108864
143130624
545259520
671088640
102694912
268435456
536870912
536870912
0
536870912
0
0
134217728
0
0
0
268435456
0
13273088
536870912
100663296
0
67108864
230686720
0
671088640
0
0
536870912
0
402653184
0
0
0
0
536870912
402653184
0
0
0
0
268435456
0
268435456
973078528
0
268435456
0
0
0
268435456
0
150994944
0
0
268435456
134217728
805306368
0
0
536870912
335843328
536870912
0
562036736
0
536870912
570425344
134217728
0
0
603979776
536870912
0
0
0
0
805306368
0
536870912
671088640
805306368
0
0
33554432
0
0
268435456
536870912
0
0
603979776
0
0
0
805306368
0
402653184
0
134217728
335544320
754974720
536870912
327155712
0
0
0
0
4194304
536870912
939524096
67108864
0
536870912
0
167772160
570425344
805306368
671088640
0
536870912
0
0
874512384
0
167772160
0
0
44040192
0
536870912
0
293601280
0
0
0
0
872415232
0
0
0
0
0
285212672
268435456
0
0
0
536870912
0
134217728
0
536870912
536870912
536870912
536870912
0
939524096
0
0
671088640
0
0
536870912
536870912
0
805306368
0
0
0
0
0
117440512
0
0
0
0
0
67108864
0
0
0
134217728
335544320
268435456
0
0
843055104
0
0
0
0
0
402653184
805306368
0
536870912
0
0
439746560
100663296
0
0
268435456
269484032
805306368
335544320
268435456
1048576
0
0
0
536870912
0
0
0
0
0
0
0
0
0
0
0
0
738197504
318767104
536870912
536870912
352321536
805306368
469762048
270532608
0
0
0
0
805306368
0
0
0
344457216
646316032
0
0
0
402653184
0
0
0
536870912
0
4718592
0
805306368
536870912
134217728
0
0
0
335544320
671088640
318767104
0
0
16777216
0
0
352321536
0
268435456
587202560
0
0
0
0
33554432
0
201326592
805306368
0
536870912
0
536870912
536870912
0
536870912
0
0
553648128
0
536870912
0
100663296
805306368
0
67108864
301989888
0
587202560
22085632
0
0
0
0
0
536870912
75497472
0
0
402653184
0
536870912
536870912
536870912
536870912
0
268435456
536870912
0
634388480
536870912
0
939524096
268435456
0
805306368
268435456
536870912
445644800
536870912
822083584
0
0
0
16777216
805306368
0
0
536870912
0
536870912
0
18874368
0
134217728
536870912
268435456
0
0
805306368
0
0
645922816
134217728
0
536870912
0
0
67108864
301989888
536870912
0
0
0
0
536870912
0
0
536870912
0
0
0
671088640
494927872
0
0
67108864
536870912
0
134217728
234881024
637534208
0
0
536870912
536870912
0
0
285540352
648019968
0
0
536870912
687865856
67108864
0
268435456
272629760
0
621281280
335544320
268435456
338690048
128974848
0
0
268435456
0
268435456
0
0
0
253755392
536870912
603979776
0
268435456
0
0
536870912
346554368
0
805306368
536870912
603979776
134217728
0
0
536870912
0
0
67108864
136987648
0
536870912
0
268435456
0
170115984
268435456
0
738197504
