100
891977160 767357164 
399389788 825643640 
54779396 561477139 
945774154 372997289 
721560862 278147444 
541790775 260825250 
196359644 329620946 
402611621 590065194 
874731655 15236603 
213056058 804794920 
661147714 498038341 
356777951 391000758 
418060937 711169850 
246023311 374492491 
735337262 891339936 
379333829 112210256 
511604799 198210307 
753438586 755259385 
662742042 356776431 
40196355 723793838 
779975524 779840454 
633134689 900122932 
364193364 100221784 
406258721 879696584 
673205285 933049112 
471344365 864769394 
27185982 572229035 
67220714 999186392 
458406542 204642722 
528812954 197327945 
889957631 956633504 
762667559 89835153 
497398170 224286251 
897784416 316565268 
756310250 732853295 
751891503 173648712 
315549921 928065170 
880782447 591617080 
227338573 166110489 
266268447 151584340 
483114345 694471753 
664344319 49959252 
173442535 23207551 
785118326 58616965 
820013612 140373763 
85295343 328552072 
777906357 98080496 
388154064 688811516 
301707548 910746571 
485115462 229992451 
998332574 519072605 
966389569 506869140 
242445534 264874676 
893026511 531135593 
346506659 767557069 
318297754 97654875 
191741802 645257271 
759623953 710421791 
735797185 770571667 
89138224 520189214 
275533821 765409468 
650240718 163559969 
662872233 627804939 
389887441 731661887 
70392249 833324145 
975402155 734843947 
756983571 392350398 
959577048 707426869 
718599876 976061569 
357023864 2898855 
686161922 473264166 
64093313 118385748 
685597717 457475 
492841824 755504493 
409132880 813868738 
128435642 960341785 
343041081 218041628 
742805871 103527503 
256780348 470390395 
371274216 207093480 
620340759 787471230 
421673496 479646127 
995846673 73240650 
903040827 894703314 
152468574 522394562 
826874125 719655309 
731967412 28554873 
914895403 739063797 
436026937 913029703 
785914622 728613464 
636625322 49482198 
395025085 17764709 
201331587 631970353 
754693440 400436223 
522141179 785636842 
436905616 241148473 
44874850 36134886 
770729263 933978589 
282331086 699037738 
432480168 588245109 
