1000
801292009 261397336 
110028082 64293711 
483347405 657110174 
148871356 474206759 
314909818 763502548 
435874786 90920522 
499777595 880110360 
249822444 664276753 
105978714 308173225 
309862259 622783970 
376793750 828614832 
611954188 131693085 
299680679 60996570 
601462612 63672000 
216617863 152979739 
451123785 729134863 
329354191 35493708 
208836768 535630499 
731752034 447184471 
681385966 149360386 
959196672 765365237 
587818362 571054830 
857038246 411978894 
978807372 802515408 
786195899 417789735 
395663706 614515420 
644241855 124369410 
633421985 993800720 
461986139 502055376 
632302163 702896250 
398952985 147880714 
340723791 186915926 
28079144 152567412 
546936723 895611712 
829999456 471042076 
612605993 387202261 
410737616 109229492 
594682653 784451347 
244713556 755381941 
673495743 286595931 
412122846 501935761 
207951741 710815071 
528045013 774932453 
292571689 664967282 
752032518 288570244 
401982894 859756995 
918154148 645409996 
182777175 633104949 
257042922 875859513 
523027405 521242706 
939383194 579740703 
263032128 669793946 
821982533 467546498 
391276980 903287866 
370627841 105302111 
558019438 779334476 
56274719 751109599 
590791739 172696542 
28603825 373362311 
36820062 965755309 
45228071 371606833 
440629871 674444171 
846045997 528321885 
41061830 474779765 
11082285 481857595 
5284828 811237131 
401561423 327439188 
569221478 571797748 
716694854 254378720 
6367275 437563775 
783771035 808365512 
645901771 893179676 
689815186 484227472 
104502549 561812781 
162728891 146718017 
954880497 930752723 
210417975 900165871 
630176345 466182798 
947149175 564509163 
791185790 178436698 
124813843 747888740 
50139985 945350805 
613606951 850774841 
48186835 735571515 
692138620 684429725 
24003570 437660431 
550918209 976524395 
520580 982550965 
990407676 8646643 
633821706 856591704 
918391577 175138795 
701541501 349076743 
214942147 692681022 
520286398 813081521 
252811680 279830767 
155785207 443948192 
987064202 780157074 
647517381 810094426 
681877344 478469885 
475383973 72549160 
499224055 318027374 
169022547 876225760 
53234674 515980308 
316908207 987987692 
100371475 525449847 
294288923 690370559 
349785833 188013152 
79542955 333869686 
285080751 306070517 
788532011 909271835 
134970690 600893765 
395337916 516698359 
577080128 965073858 
546014474 532919328 
324388878 730938740 
614874181 207407093 
547035748 895238595 
752891772 187239172 
429320381 277483092 
939368627 697613536 
204171240 744545688 
100397458 96414215 
780737914 187010394 
769127394 106958261 
921910501 321601112 
511586227 764713256 
762632297 430336545 
566099656 686165896 
621535884 450704306 
276873352 873456575 
726856675 335918700 
373510982 13649935 
188536361 456747981 
23641889 100066919 
295578260 49690898 
490591894 559331479 
880743481 36099321 
553376631 870424275 
671648141 940717805 
551510268 506503077 
141081027 677004567 
500343616 791160559 
774655016 681233841 
767202340 334534640 
192521598 941586030 
127580176 569755826 
75700121 981275892 
682482701 283249246 
958006917 556034943 
430433680 754063454 
515534667 254133589 
269217630 356128449 
689619707 31664328 
850803569 238550357 
999027169 204476289 
294291840 981399800 
531961118 954123181 
308370076 947421533 
287480541 554645147 
191372019 761674767 
595076746 768737485 
313126141 252596876 
497355628 667623401 
996814303 32626576 
194826106 523271463 
212166459 251799249 
81566191 284157704 
944720028 648241742 
204671479 494730883 
111851808 380955594 
853440802 639113794 
55167815 736090879 
795057289 199015917 
167402248 228476570 
524772218 46272071 
760884108 715313503 
640281551 251214667 
737153365 655987449 
590251629 793342574 
687958560 106170970 
318809562 217514097 
535407222 34908395 
907722876 387038336 
608135412 908675680 
94321217 623578471 
100259359 838545792 
999778902 624260508 
45929596 525719701 
413596412 275327868 
554902210 612596666 
289692249 486890791 
620487296 644968141 
761684417 59786397 
642205572 582886371 
104700322 135502276 
336275487 975461002 
515028379 844030845 
197119790 851545067 
335617967 825611703 
962005745 764550150 
793605079 709503805 
447329781 975118206 
424739572 759804197 
132423005 950294767 
566246195 334758283 
208917827 765340816 
139028568 949688274 
532253587 549621099 
187120340 824779446 
980435123 410749674 
829619507 303718840 
249580925 111034128 
87207404 592567386 
233865264 679548038 
789293835 10987045 
798186686 329196848 
325057550 544316551 
506659197 899476815 
995799354 116635897 
268502755 317510988 
281623123 665153843 
714108197 173811634 
383713638 849077996 
900759281 409019164 
310462958 30753998 
346865362 416245265 
269577994 339890120 
46011535 845650816 
156616006 133528478 
825486683 609694602 
15774363 321694476 
846009854 976662258 
365458144 1783981 
80513816 877132149 
281807723 3085075 
383281919 653562384 
824741840 880962316 
230673836 20561834 
93479317 981001685 
26765709 595418748 
393614393 15210524 
369128250 525113137 
255287868 598004312 
94006680 143394992 
518465697 712421480 
29660516 326243142 
65671299 771025530 
347708475 889644053 
15500250 173433031 
295189815 331602984 
440428162 893027830 
223171203 475277514 
421337373 178550364 
79759222 561895351 
657817137 872980244 
170526410 718680609 
759254432 351363902 
720536149 488224614 
397804867 34123138 
56413901 270929714 
433896132 248211737 
112072244 337578661 
215263816 49441582 
387009109 41289764 
56409547 992781665 
235737891 416557114 
99311017 289234319 
860200718 229057857 
908321522 495071430 
883932335 588821880 
544813480 183006462 
793141353 732524982 
515020105 263070104 
413343982 943289358 
544816681 658843439 
521320821 168096000 
580723606 786967194 
437328658 971884612 
733429438 835248050 
545270744 99676516 
747656648 17676707 
972556006 719459336 
630586312 670589361 
872756195 589971086 
536353286 65736286 
315862584 529940735 
572738811 88932996 
81456743 161144111 
408165000 13897900 
473421936 520477585 
667259710 89672591 
12094792 368933286 
757818693 110016252 
147971893 574517376 
628865473 465283790 
618080909 274647057 
323296299 117037599 
2319732 415839210 
261062034 350896618 
819180592 372315043 
167108345 356551233 
941739737 526813074 
755081440 497069892 
884907980 332337691 
711807541 619779666 
659221156 353810633 
346512225 702140769 
910321886 542887953 
857750307 298864878 
938370706 76443685 
316493208 681929882 
721453667 484023725 
211945896 50306492 
420089369 87126069 
565813498 301872639 
698063567 516886054 
793770888 328021918 
247862124 808338555 
357997802 941847007 
904203526 844379939 
580708687 256217449 
237754411 888404997 
75749608 615867771 
538696277 233945641 
196755873 367711937 
80998581 229560605 
531660227 145671002 
55659679 439461049 
912597879 180744150 
422366755 753121358 
692406286 494301244 
550174053 978950994 
484143226 717368469 
654737864 726793152 
246597712 243817699 
380739760 596297995 
237818361 14705311 
901443016 769315594 
474598493 303548713 
278566207 880124332 
541971496 330468879 
790853669 806704283 
115254546 791111551 
442059986 808470037 
476633538 392611458 
944241935 937656685 
658576218 239753861 
264981234 58409654 
469508828 927973344 
980434142 541273492 
534852077 432148088 
330909768 600909278 
673134170 684440571 
961716836 846387199 
855787033 521215192 
85223554 168856140 
141440572 159551220 
675128288 617338803 
216064791 894692466 
622572375 717557360 
967246981 788263975 
631706931 45815364 
484881156 199381231 
176182081 86109099 
100481953 976963496 
276510563 898796161 
156348949 63963990 
258355207 657850329 
915987966 842366443 
664398373 522549420 
281034451 755511857 
203177984 341891204 
433362876 922319180 
999391122 762008489 
172809545 424985654 
234987120 76641897 
98258736 755451335 
359883727 303670696 
325995380 635674494 
644068656 229780287 
435579369 770723734 
842445181 714311286 
862733776 852361351 
623037967 823776762 
77923271 313539316 
319082527 434638632 
742742364 461117537 
990303957 726541395 
869833976 308389946 
580076461 23447843 
713119580 620816870 
576962895 833586831 
720663468 81350115 
424053566 99732072 
908019558 910324771 
515746783 136708258 
956147858 232403387 
633713499 796187622 
296470984 523494774 
509124031 905322924 
726917474 110310850 
365321282 84182755 
346528368 959624345 
882969600 200212384 
7801338 60937674 
87099726 296410522 
282963718 366882908 
42220742 589348042 
31853185 159196227 
543766516 725219242 
615099026 584821784 
27119116 305424986 
943233616 673875397 
257060048 353403446 
663198355 314780315 
647087403 994536152 
968149406 988356670 
435510303 365082305 
474683580 858753775 
227824289 941104051 
296141157 234270932 
420333531 377290937 
259029372 645451743 
553095729 363843893 
584155052 607832696 
405812923 710908884 
115365612 654760712 
499033119 266112198 
483976474 499083340 
982231812 273221137 
996826818 634828112 
688775520 32673072 
563534058 455355401 
790502469 643331622 
558436696 830099387 
96522798 770573492 
345701454 21825764 
457469175 857143888 
780148989 231184879 
189814819 565469432 
363338794 713403651 
830588125 570989147 
934995769 990727385 
900495843 415634686 
625690519 44001096 
969779 218023763 
779940278 244179939 
574880071 739922660 
525668438 672952823 
493950082 38499384 
524010524 747992214 
256680978 918110546 
202105180 331567089 
706436801 186015913 
563250575 403705607 
242577782 746842991 
172027977 473123519 
318185051 662917861 
999152889 407603263 
409246759 54380220 
40104769 154032068 
153220078 511003285 
662588978 158403176 
592432369 987735418 
836545509 699491414 
971651909 372207646 
611427278 503172589 
569852989 161128605 
389886544 415450743 
951932406 139229344 
256696391 962683140 
94174731 227760541 
412152270 531194350 
782072448 494944034 
875250249 373944573 
863618012 539824841 
472371955 882569345 
826154374 902350800 
611164989 533336177 
389427472 471054983 
665777936 566835017 
498164714 287852313 
458214963 131151206 
611176202 407205585 
984099684 496831786 
196265544 324916691 
991621497 413643878 
669453913 652841068 
228854306 478782931 
414071537 65118674 
693314404 474273763 
591842192 332111694 
962509664 866587061 
663017102 681692583 
413264293 778065479 
42025721 308754881 
77648735 182771502 
880703215 822207672 
482355840 736011819 
264001833 287344736 
717390991 380637501 
122263862 512247013 
599775458 559371753 
52932608 632941394 
499783558 164167465 
249840415 854716394 
157706635 149223984 
721031036 499571600 
810209921 966742487 
359073182 877550388 
729547812 88888134 
127404764 960309553 
35112276 682391493 
7393350 506973553 
671330553 144568318 
482311903 102247345 
527235247 170566862 
276924263 488875074 
612186636 861333083 
307763267 117005070 
830050387 649443486 
326372367 641325694 
263787016 269249143 
327953590 906384658 
477724972 87720182 
950057512 739086384 
891812602 475132393 
344300102 8804154 
39927153 939716443 
757802124 999895922 
592260333 540542747 
367576681 61341635 
452287921 411577655 
769753221 477550547 
959446720 792717734 
276861110 849372785 
880242681 996179498 
428625161 839287475 
9263569 888124562 
448324057 122635360 
317508771 173945630 
85001288 915545152 
514960471 447237152 
659521482 471051146 
413994347 251114853 
952105418 587814008 
418378456 955312898 
431216902 65736314 
550192566 603236675 
756936447 608698781 
631884519 243273493 
887071228 318270339 
472847605 838055715 
480206432 899312570 
654922861 30947757 
509201653 681425785 
83645687 609189778 
226745010 729840167 
551077575 714927093 
384303533 357845704 
689678193 823429482 
749914574 682577387 
575066677 371309120 
844463494 104761341 
484740536 584412591 
446049683 496707549 
760823817 675705019 
857587449 324539261 
707682777 29975572 
861947869 403774526 
723970804 953338801 
579614754 767149372 
444511416 809973212 
386077633 257360067 
417625985 390052544 
912572717 604288747 
865770516 5746923 
570437530 17169807 
703349330 487930731 
186402742 555794668 
743611938 591553698 
672803381 248414991 
925637188 226011409 
157717425 970831037 
858656578 677471429 
759473207 993744948 
151518713 646983971 
158891657 72242239 
493998525 185699492 
26342787 491279017 
794173627 942269852 
818952869 783261669 
143879032 759696009 
558394944 55270139 
760702845 370472749 
814541519 47196364 
455448189 305897522 
313176252 138628986 
401428861 9597628 
126181807 194104836 
973393539 174795890 
562729742 861613220 
256878928 838318720 
46573661 241810944 
110874200 238862826 
130967157 248805096 
529624361 340656043 
374129493 502188670 
608279590 665017082 
263374341 315054474 
649451675 16720789 
229155856 159259018 
647033668 572676536 
476395723 302607026 
406308955 944847568 
587190930 216881159 
210006052 115787071 
828020425 257069540 
924972406 880991460 
585857818 797355958 
842224800 708704532 
501489433 91035420 
726568445 37049190 
176768680 125956385 
52451113 727618893 
627005940 26985376 
761314845 967275493 
826665651 101310605 
528353741 976591752 
434929484 827716646 
333022207 36398003 
484527247 129143879 
857694654 213175718 
371501674 899251227 
26919936 561056402 
528100144 354533631 
505328850 141904716 
30437252 410108822 
154665341 371504133 
774256389 243914632 
635278189 519657490 
634472241 944667061 
648210976 131340801 
162491474 238842188 
362377919 765498324 
3453748 466588896 
462181250 767271904 
778880498 855586154 
466556439 50754279 
990908289 189683835 
235872274 886814623 
484838164 716546523 
432627997 400210793 
567507042 484781325 
576526720 482566898 
718007580 823725128 
611946912 564757562 
214313137 923456850 
28722961 295949488 
516586459 347704768 
702428539 29338910 
649538096 781266143 
713321687 468930754 
563385362 771505484 
780274457 220974401 
874136504 901425563 
868396253 983388772 
738392000 449899264 
11880568 308462817 
291219700 653972606 
818798937 67450731 
212273594 17273354 
820199922 440033061 
99724604 862685398 
107578882 680643172 
380476443 368871018 
464519181 782650140 
487983364 197210930 
462699425 531440919 
418342429 920309213 
557814718 179172541 
991002752 844900727 
549699236 48447481 
481407041 960771553 
574095228 274686398 
446686960 498001480 
982899872 844460365 
753922157 980969993 
994192881 127761627 
147178685 302456055 
491597646 843514133 
891756717 86885954 
892130270 876038859 
379057949 49000616 
974975263 188166283 
428344921 609574319 
620642287 645416151 
677364683 455939477 
671532110 332939050 
472243587 389423308 
145076604 209155632 
785921589 14920098 
97125101 925392594 
878404785 926029710 
720072227 649826172 
469633645 920324638 
944401203 311312255 
198041217 263779633 
218765550 570689151 
585828913 811295353 
126395295 486154192 
44096735 195840871 
577965042 895205113 
352165741 899536118 
658776027 732241539 
45548277 169134911 
231749663 714878115 
157197601 766215183 
872956610 613477621 
801996365 549605139 
213439683 557622764 
265769221 205020254 
343236233 221935934 
45594978 786850935 
576146601 304422851 
632771624 270903015 
788522148 48348747 
685162332 186249142 
191892606 97086053 
919423989 754607259 
984367910 720843312 
950776830 92198045 
589949452 280258235 
963685717 289598018 
982043502 37657758 
959693208 648848722 
412574369 741944592 
390719147 10408960 
536828425 743557383 
404063243 230712592 
451972296 246092550 
191977020 882264782 
718892102 667014982 
799584100 32679980 
179434700 307734018 
305269737 361663378 
199488639 974407461 
449231639 547013487 
507858261 287367002 
330536482 310605274 
233469759 359421993 
928975374 50513299 
950443730 460189617 
512868237 766894257 
293686564 337616191 
823922850 667680857 
814022943 504734167 
975308167 418402355 
965903367 197738561 
162636371 196391139 
274692128 229922472 
613415900 691368740 
172439001 762538621 
940014002 216995898 
807800395 186524369 
621793360 34178269 
773139832 933407474 
433689664 981716711 
795896877 509333187 
131255106 776822092 
935870342 939415012 
735585467 618261750 
171269145 84212702 
315826591 919779013 
818235772 475673152 
465077675 423269162 
755324810 925475858 
65702156 938152114 
993065067 966326139 
245199547 884826267 
681506692 839780645 
852474141 32887028 
727211818 66736789 
465871912 400824656 
426539582 311663744 
289428401 338538769 
157697258 332396372 
882826583 941455227 
312460629 51268012 
693870673 528476640 
792666143 919342257 
328427950 830686362 
670701789 98540348 
137545562 148650235 
489747143 225381512 
328230601 466676759 
416483194 834165404 
781642513 41429461 
726692677 336464659 
536819236 261520977 
516600988 591159275 
431658224 990240433 
595640032 649529389 
141470403 419522891 
805959130 131428145 
40448099 313225304 
267776726 759808051 
935203193 93837821 
576856456 809263905 
863630812 447206150 
643073692 104800799 
656065000 748921080 
638738703 562677009 
107394516 62205410 
19336296 54106785 
90702441 695257094 
935934006 360849670 
469854108 169816832 
450726742 117382914 
325902510 273838799 
345466222 963923157 
300104213 856466060 
446058966 723131770 
974308252 459571661 
979348891 642972097 
415181031 799516729 
948629992 79382631 
435220566 192591527 
915437572 840091774 
649911305 888683879 
369592063 637488846 
775544533 111313747 
683669668 255127634 
396191566 874689879 
790867787 503725152 
670289767 544008025 
653178372 132146133 
630527532 278146363 
344463427 898723683 
305607055 937461526 
691523414 760327996 
738315210 758169813 
401665069 613085631 
942549709 452125263 
108122680 965200377 
270200619 183970455 
549514973 690856142 
733561794 772745937 
740268386 394516309 
855217088 487306786 
530166866 918857373 
973592269 211622846 
156533888 314641647 
85554605 767709330 
742220468 314924456 
935029807 75637915 
63558341 105252920 
874206398 409284536 
882811453 354770846 
628626485 406479769 
926556555 529487990 
697825830 669496172 
70871371 782751123 
200440402 67944899 
316402517 526554664 
812368601 927423165 
176461269 71069802 
522066892 194343446 
523352454 812505779 
848473481 294665203 
448019393 377585490 
212625439 198724925 
61492777 791110240 
376728691 461941177 
882322213 264806292 
274290060 313143662 
994306144 458856591 
640910450 824284421 
639488436 643724945 
410516542 720946856 
443125859 371780091 
53225488 989671476 
481195562 464710991 
559277783 220684119 
365824176 661746428 
180396622 49684576 
50702094 409339666 
922622541 127012330 
350378385 87523463 
413168576 844277351 
693021781 309976934 
292859254 644841124 
672659122 555308443 
939181248 776244690 
347785943 537755000 
973646700 981338252 
265767261 815565686 
475582158 604722879 
243061574 312354450 
850139047 439105927 
819547091 402391676 
351262143 752984945 
839309069 473145614 
774107467 853421281 
428872961 222876447 
344270184 704468457 
27405175 709179441 
150195982 468145160 
381799821 513992763 
512142250 914694488 
317710168 242039303 
564115619 743131875 
725187190 92874400 
624406446 907782378 
577401139 588278768 
245242768 35526247 
484592057 276526131 
96447767 535141490 
41647217 286386236 
476338790 756077301 
475565910 712351295 
593686971 442407409 
927300569 159281235 
352925304 43269937 
884269253 786878464 
231018871 880682901 
840706410 592688971 
450036508 435099178 
829831122 302780700 
812244790 920899569 
626412972 960971260 
967172867 484591580 
413940396 713665077 
402812293 838860927 
883481531 70045993 
492503599 507915097 
533059628 67401924 
176766787 825719517 
139288600 932398546 
845672126 337151309 
232534819 104213728 
417026862 819301194 
831071341 914771215 
330621767 831014847 
456461867 544722566 
540503392 950845415 
6443077 8074340 
222803933 679044619 
860622266 379783497 
720992437 688540010 
836652436 240684947 
225537397 264304232 
503663063 943344538 
126842190 315983471 
987424096 984740917 
272358319 344416472 
312153969 400684252 
143184718 279479825 
308132234 748084947 
840690341 661110073 
804487331 983521378 
558700626 316743418 
397648489 330120288 
231688457 206870498 
717421245 537611448 
167291335 204700688 
114610743 571009311 
161996792 58258504 
175393881 431744769 
664219298 707732567 
459263158 484225467 
495927315 572291936 
426361209 393570440 
481709342 542198594 
101175963 357831655 
816857424 662249615 
967773806 810697282 
828765270 360375 
945339440 236020438 
703184375 857975708 
50273244 258472609 
977176645 704644546 
525824204 569952184 
12099189 832939300 
573033948 796617824 
992453759 509058747 
175424660 172578209 
425848459 890865552 
30739320 581958331 
230987619 177297777 
640454610 670139151 
914291485 338474747 
682074430 543808732 
675720821 472667177 
186440151 872057821 
475706371 937136125 
490399050 745909919 
891082217 404768824 
41844725 759161497 
507292386 473375767 
